01572353.00
01873918.00
02012362.00
02017803.00
02141697.00
02159783.00
02302092.00
02305277.00
02437038.00
02444187.00
02694741.00
02715007.00
02715417.00
02717141.00
02717423.00
02831632.00
02835289.00
02851474.00
02854432.00
02854752.00
02858322.00
02991403.00
03104113.00
03120742.00
03127873.00
03221207.00
03232823.00
03342425.00
03431321.00
03437800.00
03448245.00
03454864.00
03456318.00
03731292.00
03732732.00
03745184.00
03756730.00
03832382.00
03833859.00
03837677.00
03839964.00
03848042.00
03853259.00
03936357.00
03953981.00
03956545.00
03958488.00
03969362.00
03972629.00
04071600.00
04074532.00
04074708.00
04138301.00
04141155.00
04244929.00
04249218.00
04273411.00
04350454.00
04385109.00
04451148.00
04458989.00
04464999.00
04474193.00
04563150.00
04569923.00
04661397.00
04669592.00
04672934.00
04743626.00
04752731.00
04762887.00
04819564.00
04843222.00
04853067.00
04904304.00
04909422.00
04921906.00
04937217.00
04937350.00
04940226.00
04941060.00
04945857.00
04950505.00
04991959.00
04999260.00
04999357.00
05005570.00
05015926.00
05022573.00
05095098.00
05110245.00
05123176.00
05128972.00
05198934.00
05201619.00
05218385.00
05259926.00
05282464.00
05283266.00
05283839.00
05296877.00
05307780.00
05310387.00
05353374.00
05369419.00
05371109.00
05374883.00
05376552.00
05425950.00
05426665.00
05439790.00
05440746.00
05450322.00
05459373.00
05468295.00
05478466.00
05480282.00
05535061.00
05557368.00
05563814.00
05567438.00
05620981.00
05651175.00
05685072.00
05699617.00
05703230.00
05733384.00
05770431.00
05770860.00
05790912.00
05802834.00
05809868.00
05820209.00
05881838.00
05951553.00
05955731.00
05961327.00
05962877.00
05978521.00
05984000.00
06024572.00
06044543.00
06050116.00
06057829.00
06061139.00
06106771.00
06118779.00
06128248.00
06148704.00
06209824.00
06223646.00
06281103.00
06309193.00
06350020.00
06359771.00
06368316.00
06370361.00
06370665.00
06390205.00
06424124.00
06431545.00
06447430.00
06467389.00
06471048.00
06504095.00
06521123.00
06529902.00
06615041.00
06671698.00
06677225.00
06689368.00
06791604.00
06803335.00
06838978.00
06843507.00
06861400.00
06871716.00
06964796.00
06966265.00
07013934.00
07035139.00
07037319.00
07118621.00
07118656.00
07119876.00
07130044.00
07173910.00
07199353.00
07217866.00
07259917.00
07269797.00
07269843.00
07272739.00
07282128.00
07304911.00
07339123.00
07339345.00
07362751.00
07367833.00
07375612.00
07387296.00
07457163.00
07458285.00
07501230.00
07506164.00
07511980.00
07512381.00
07516345.00
07518816.00
07542091.00
07584739.00
07597095.00
07610486.00
07620664.00
07657914.00
07660607.00
07676610.00
07685693.00
07697065.00
07698650.00
07709086.00
07744173.00
07766185.00
07816201.00
07821450.00
07830460.00
07835348.00
07839027.00
07871200.00
07877062.00
07878402.00
07879404.00
07881722.00
07889628.00
07950962.00
07973882.00
07977261.00
08004839.00
08035743.00
08039225.00
08053107.00
08108785.00
08111387.00
08122124.00
08143757.00
08145477.00
08177958.00
08190491.00
08190613.00
08192840.00
08241252.00
08242493.00
08257903.00
08263940.00
08265951.00
08309175.00
08311255.00
08330092.00
08382182.00
08394040.00
08431389.00
08452840.00
08496820.00
08539720.00
08539850.00
08545456.00
08548416.00
08554005.00
08555573.00
08563964.00
08579707.00
08587792.00
08590274.00
08652599.00
08682849.00
08685306.00
08690104.00
08696274.00
08703528.00
08715667.00
08800998.00
08804824.00
08823666.00
08872737.00
08904448.00
08957887.00
08977390.00
08982514.00
09002076.00
09020289.00
09026766.00
09030509.00
09030817.00
09032671.00
09051723.00
09071104.00
09071373.00
09087918.00
09094335.00
09097798.00
09108579.00
09110213.00
09114111.00
09145707.00
09179806.00
09181877.00
09205351.00
09228778.00
09237755.00
09245929.00
09268105.00
09272276.00
09274472.00
09283826.00
09290838.00
09345163.00
09345838.00
09350889.00
09353234.00
09365025.00
09388304.00
09389122.00
09392682.00
09402649.00
09410906.00
09414905.00
09451598.00
09453192.00
09466316.00
09470175.00
09475663.00
09508052.00
09519590.00
09592145.00
09612468.00
09637239.00
09639491.00
09642041.00
09649493.00
09700154.00
09722737.00
09786798.00
09838047.00
09840412.00
09882280.00
09897710.00
09934052.00
09947924.00
09956124.00
09957411.00
09991887.00
09994475.00
09995660.00
09995981.00
10007533.00
10032935.00
10084115.00
10119517.00
10128961.00
10154189.00
10226388.00
10229723.00
10255110.00
10259530.00
10267044.00
10275197.00
10280990.00
10292413.00
10322296.00
10322582.00
10355671.00
10357852.00
10389809.00
10389982.00
10395202.00
10395609.00
10447902.00
10485137.00
10528299.00
10557008.00
10586874.00
10618253.00
10680475.00
10711938.00
10723143.00
10724533.00
10727655.00
10794878.00
10796477.00
10797126.00
10801703.00
10809970.00
10818544.00
10847118.00
10854621.00
10877703.00
10880490.00
10916675.00
10965091.00
11013608.00
11036301.00
11042923.00
11083888.00
11084647.00
11084782.00
11091082.00
11127048.00
11137143.00
11144556.00
11151970.00
11153627.00
11154110.00
11190836.00
11198068.00
11244501.00
11245381.00
11246163.00
11255667.00
11295026.00
11295347.00
11303416.00
11303526.00
11305087.00
11338865.00
11341950.00
11342032.00
11395117.00
11402381.00
11404758.00
11405559.00
11408810.00
11410485.00
11442348.00
11444780.00
11447953.00
11460346.00
11494583.00
11495781.00
11496078.00
11498689.00
11502581.00
11509282.00
11559864.00
11566174.00
11604958.00
11612091.00
11672319.00
11703960.00
11704155.00
11716688.00
11717798.00
11769739.00
11805235.00
11819520.00
11910076.00
11920266.00
11924311.00
12016304.00
12019674.00
12055014.00
12066630.00
12071741.00
12104285.00
12153332.00
12267718.00
12305537.00
12418274.00
12458133.00
12689656.00
