01572353
01873918
02012362
02017803
02141697
02159783
02302092
02305277
02437038
02444187
02694741
02715007
02715417
02717141
02717423
02835289
02854432
02854752
02858322
03104113
03120742
03127873
03221207
03232823
03339563
03342425
03431321
03437800
03454864
03456318
03732732
03745184
03756730
03832382
03833859
03837677
03848042
03853259
03936357
03953981
03956545
03958488
03969362
03972629
04071600
04074532
04138301
04244929
04249218
04273411
04350454
04385109
04458989
04464999
04473355
04474193
04563150
04569923
04661397
04669592
04672934
04743626
04752731
04762887
04819564
04843222
04853067
04904304
04909422
04921906
04937217
04937350
04940226
04941060
04945857
04950505
04991959
04999260
05005570
05015926
05022573
05095098
05110245
05123176
05128972
05201619
05218385
05259926
05282464
05283266
05283839
05307780
05310387
05353374
05369419
05371109
05374883
05425950
05426665
05439790
05440746
05450322
05459373
05468295
05478466
05480282
05535061
05557368
05563814
05567438
05620981
05651175
05685072
05699617
05703230
05770431
05770860
05790912
05802834
05809868
05820209
05951553
05955731
05961327
05962877
05978521
05984000
06024572
06044543
06050116
06057829
06061139
06106771
06118779
06128248
06148704
06209824
06223646
06281103
06309193
06350020
06359771
06368316
06370361
06370665
06390205
06424124
06431545
06447430
06467389
06471048
06504095
06521123
06529902
06615041
06677225
06689368
06791604
06803335
06838978
06843507
06861400
06871716
06964796
06966265
07013934
07035139
07037319
07118621
07118656
07119876
07130044
07173910
07199353
07217866
07259917
07269797
07269843
07272739
07282128
07304911
07339123
07339345
07362751
07367833
07387296
07457163
07458285
07501230
07506164
07512381
07516345
07518816
07542091
07584739
07597095
07610486
07657914
07676610
07685693
07697065
07698650
07709086
07744173
07816201
07830460
07835348
07839027
07871200
07877062
07879404
07881722
07889628
07950962
07973882
07977261
08004839
08035743
08039225
08053107
08074045
08108785
08111387
08122124
08143757
08177958
08190491
08190613
08192840
08241252
08242493
08257903
08263940
08265951
08309175
08311255
08330092
08382182
08394040
08431389
08452840
08539850
08545456
08548416
08555573
08563964
08579707
08587792
08590274
08652599
08690104
08696274
08703528
08715667
08800998
08823666
08872737
08904448
08957887
08982514
09002076
09020289
09026766
09030509
09030817
09032671
09051723
09071104
09071373
09087918
09094335
09097798
09108579
09110213
09114111
09145707
09179806
09205351
09228778
09237755
09245929
09268105
09272276
09274472
09283826
09290838
09345163
09350889
09353234
09365025
09388304
09389122
09392682
09402649
09410906
09414905
09451598
09453192
09466316
09470175
09475663
09508052
09519590
09592145
09637239
09639491
09642041
09649493
09700154
09722737
09786798
09838047
09882280
09897710
09934052
09947924
09956124
09957411
09991887
09994475
09995660
09995981
10007533
10032935
10119517
10128961
10154189
10226388
10255110
10267044
10275197
10280990
10292413
10322296
10322582
10355671
10357852
10389809
10395202
10395609
10447902
10485137
10528299
10557008
10618253
10680475
10711938
10723143
10724533
10727655
10794878
10796477
10797126
10801703
10809970
10818544
10847118
10854621
10877703
10880490
10965091
11013608
11036301
11042923
11083888
11084647
11091082
11127048
11137143
11144556
11151970
11153627
11154110
11190836
11198068
11244501
11245381
11246163
11255667
11295026
11295347
11303416
11303526
11305087
11338865
11341950
11342032
11395117
11402381
11404758
11405559
11408810
11410485
11442348
11444780
11447953
11460346
11494583
11495781
11496078
11498689
11502581
11509282
11559864
11566174
11604958
11612091
11672319
11704155
11716688
11717798
11769739
11805235
11819520
11910076
11920266
11924311
12016304
12019674
12055014
12071741
12104285
12153332
12267718
12418274
12458133
12689656
