1572353	4.2	19244526+3709418	15.195	13.586	15.234	4470	4.538	0.076	0.984	0.081	0.121	0.124	0.084	1572353	1572353	1572353	1572353	2148.802	2372.224	2325.473	2565.677	383	381	378	377	0.22893	54964.67748	15.234	1.10905	3.26502	0.53556	1.04808
1873918	4.2	19304259+3719046	13.658	12.564	13.715	5715	4.403	0.11	0.512	0.051	0.081	0.046	0.031	1873918	1873918	1873918	1873918	5624.683	5905.35	5767.081	6502.777	2	4	8	1	0.33243	54964.8988	13.715	1.01332	0.93793	0.76865	0.42347
2012362	1	19234205+3728347	14.058	13.163	14.121	6218	4.575	0.124	0.4	0.069	0.094	0.068	0.03	2012362	2012362	2012362	2012362	4687.199	4981.368	5014.04	5166.535	225	221	220	228	0.38632	54964.74274	14.121	0.99393	1.21419	0.35441	0.93427
2017803	4.3	19284109+3727219	14.591	13.175	14.614	5056	4.499	0.101	0.658	0.183	0.264	0.122	0.125	2017803	2017803	2017803	2017803	3090.653	3211.857	3013.755	3798.514	23	21	18	18	0.305739	54964.80808	14.614	1.14461	2.72212	0.51319	1.04187
2141697	4.2	19052277+3730065	13.367	12.416	13.399	6049	4.063	0.131	0.419	0.08	0.076	0.105	0.063	2141697	2141697	2141697	2141697	7590.157	7676.856	7434.399	7451.644	123	128	127	123	0.331046	54953.83559	13.399	1.00893	4.88466	0.72045	0.98152
2159783	4.2	19252624+3733119	14.926	13.808	14.965	5643	4.406	0.152	0.557	0.074	0.095	0.086	0.052	2159783	2159783	2159783	2159783	2642.146	2901.307	3008.129	3218.246	335	331	330	337	0.373884	54964.97302	14.965	1.01633	1.36275	0.88457	0.90444
2302092	4.3	19250295+3741524	14.369	13.131	14.44	5245	4.201	0.131	0.773	0.049	0.087	0.086	0.058	2302092	2302092	2302092	2302092	3825.151	4129.719	4114.289	4312.058	187	183	182	189	0.294661	54964.69182	14.44	1.62577	4.66957	0.75398	1.06482
2305277	3.2	19275297+3739042	15.051	13.925	15.101	5694	4.523	0.149	0.562	0.102	0.124	0.121	0.058	2305277	2305277	2305277	2305277	2356.753	2654.595	2642.187	2897.997	2	4	7	8	0.378757	54964.98556	15.101	0.99961	1.11416	0.42018	0.88203
2437038	3.3	19204760+3744317	15.952	14.454	15.955	5461	4.363	0.183	0.661	0.269	0.368	0.249	0.107	2437038	2437038	2437038	2437038	1483.425	1297.247	1432.123	1711.703	71	70	66	67	0.267679	54964.84779	15.955	0.98759	0.61613	0.63767	0.02335
2444187	4.2	19263175+3744166	14.092	12.824	14.138	6162	4.178	0.167	0.421	0.059	0.099	0.106	0.048	2444187	2444187	2444187	2444187	4612.678	4966.125	5026.263	5249.558	165	167	170	171	0.390156	54964.81506	14.138	1.00471	1.40293	0.96935	0.51573
2694741	4.3	19053895+3754295	12.244	11.038	12.297	5302	4.55	0.044	0.575	0.014	0.014	0.028	0.017	2694741	2694741	2694741	2694741	14455.692	14484.074	14243.377	14204.217	393	398	397	393	0.326652	54953.77161	12.297	1.24247	3.88463	0.50606	1.09882
2715007	4.2	19273055+3757028	14.667	13.493	14.73	5598	4.524	0.128	0.582	0.125	0.152	0.073	0.078	2715007	2715007	2715007	2715007	3077.304	3218.613	3086.531	3795.388	83	81	78	77	0.297106	54964.78661	14.73	1.05289	1.55755	0.46049	0.93101
2715417	4.3	19275256+3755399	14.039	12.779	14.07	5189	4.83	0.063	0.613	0.047	0.063	0.056	0.044	2715417	2715417	2715417	2715417	4813.629	5054.321	4797.398	5548.081	127	125	122	121	0.236446	54964.66748	14.07	1.10389	3.45965	0.83429	0.48313
2717141	3.2	19291829+3757413	13.493	12.566	13.519	6140	4.129	0.149	0.429	0.042	0.051	0.029	0.045	2717141	2717141	2717141	2717141	6811.635	7114.964	6903.622	7598.577	359	357	355	353	0.394573	54953.75583	13.519	0.99231	1.67809	0.99166	0.73757
2717423	4.1	19293204+3758590	14.488	13.262	14.544	5581	4.547	0.119	0.568	0.051	0.077	0.05	0.038	2717423	2717423	2717423	2717423	3508.679	3713.172	3639.597	4286.394	396	392	391	398	0.398415	54964.7907	14.544	1.21153	0.73788	0.62095	0.41116
2835289	3.2	19072623+3801389	12.958	11.98	13.009	6228	4.265	0.107	0.377	0.021	0.021	0.035	0.026	2835289	2835289	2835289	2835289	10025.808	10105.158	9908.528	9822.836	223	226	227	228	0.857724	54954.13163	13.009	1.0161	1.66956	0.40069	0.95072
2854752	4.1	19274457+3800226	13.923	12.98	13.99	7073	4.051	0.211	0.268	0.036	0.067	0.049	0.049	2854752	2854752	2854752	2854752	5131.391	5355.48	5256.222	5848.02	145	143	140	139	0.470436	54964.89041	13.99	1.20296	0.75105	0.70173	0.03997
2858322	4.1	19304190+3803534	14.696	13.487	14.751	5605	4.391	0.145	0.611	0.057	0.11	0.082	0.042	2858322	2858322	2858322	2858322	2977.729	3198.607	3130.537	3798.2	442	439	437	444	0.436393	54964.66045	14.751	1.26912	0.66205	0.65918	0.13355
3104113	4.3	19120951+3817388	13.384	12.396	13.447	5910	4.52	0.091	0.468	0.028	0.024	0.037	0.025	3104113	3104113	3104113	3104113	8199.8	8148.859	8215.864	8270.73	7	12	13	8	0.846776	54965.28489	13.447	1.06337	2.98277	0.91966	1.03755
3120742	4.3	19293322+3816494	14.794	13.583	14.844	5590	4.514	0.134	0.544	0.161	0.14	0.114	0.078	3120742	3120742	3120742	3120742	2795.965	3018.868	2926.765	3604.941	169	166	165	171	0.236214	54964.73721	14.844	0.9999	1.59303	0.37813	0.98875
3127873	4.2	19360256+3815488	15.106	14.06	15.153	6069	4.615	0.163	0.473	0.097	0.104	0.156	0.099	3127873	3127873	3127873	3127873	2501.159	2399.431	2730.487	2617.677	52	52	48	48	0.671529	54964.97755	15.153	1.10318	3.0118	0.65801	1.10014
3221207	3.2	19092181+3819324	11.943	11.43	11.975	6414	4.128	0.094	0.307	0.013	0.011	0.015	0.01	3221207	3221207	3221207	3221207	17600.426	17593.318	17615.401	17660.689	130	130	127	126	0.473822	54953.96209	11.975	1.04611	1.21236	0.88142	0.42352
3232823	3.2	19232466+3819358	15.109	14.105	15.142	6172	4.748	0.143	0.401	0.209	0.207	0.133	0.172	3232823	3232823	3232823	3232823	2758.596	2494.695	2770.258	2949.316	347	347	352	352	0.423916	54964.85537	15.142	0.97262	1.1897	0.37419	0.9046
3342425	3.2	19260388+3827161	15.038	14.069	15.089	6035	4.572	0.155	0.524	0.093	0.085	0.09	0.062	3342425	3342425	3342425	3342425	2692	2447.819	3094.779	3022.267	109	109	105	105	0.393406	54964.94859	15.089	1.04454	2.87736	0.82615	0.99498
3431321	1	19110588+3830143	11.24	10.917	11.197	9589	3.949	0.163	-0.171	0.008	0.007	0.01	0.008	3431321	3431321	3431321	3431321	26046.062	26062.709	26072.609	26139.258	270	274	276	271	1.015049	54954.41938	11.197	0.97663	1.51933	0.35227	0.93853
3437800	4.2	19191301+3833389	13.84	12.849	13.871	6185	4.354	0.133	0.381	0.05	0.074	0.037	0.06	3437800	3437800	3437800	3437800	6291.736	6013.733	6394.537	6505.703	68	61	62	67	0.362668	54964.74868	13.871	0.99936	0.90723	0.45379	0.68981
3454864	1	19365321+3831521	13.695	12.583	13.731	5791	4.285	0.128	0.48	0.023	0.03	0.061	0.036	3454864	3454864	3454864	3454864	6559.341	6216.394	6780.9	6620.013	304	304	300	300	0.294116	54964.78064	13.731	1.18368	2.39931	0.72725	0.13321
3456318	1	19381798+3831147	12.566	12.16	12.629	0	0	0	0.339	0.049	0.041	0.058	0.04	3456318	3456318	3456318	3456318	11879.966	11695.111	12245.245	12053.741	238	242	243	240	0.439021	54964.76279	12.629	0.97249	1.62509	0.34914	1.00387
3732732	4.2	19073130+3853346	13.414	12.538	13.462	5946	4.236	0.114	0.467	0.065	0.059	0.093	0.065	3732732	3732732	3732732	3732732	8097.532	8091.873	7992.197	8220.024	163	163	159	158	0.396187	54953.91823	13.462	1.02798	3.15695	0.82925	1.03682
3745184	4.2	19234900+3852270	15.032	13.505	15.031	4607	4.595	0.075	0.809	0.119	0.157	0.092	0.092	3745184	3745184	3745184	3745184	3101.407	2901.076	3321.559	3300.959	18	18	23	23	0.304243	54964.72798	15.031	1.27128	1.22152	0.93181	0.11556
3756730	4.1	19354438+3852020	14.562	13.43	14.595	5638	4.41	0.142	0.576	0.113	0.084	0.113	0.152	3756730	3756730	3756730	3756730	3898.629	3525.111	4085.059	3846.836	283	278	278	281	0.379176	54964.95873	14.595	0.93742	0.5454	0.35204	0.71546
3832382	4.1	19005905+3858599	15.641	13.996	15.691	4454	4.611	0.076	0.962	0.09	0.112	0.141	0.073	3832382	3832382	3832382	3832382	2024.642	1885.545	1935.534	2015.798	383	380	378	377	0.27265	54964.60475	15.691	1.16464	0.84377	0.8002	0.11947
3833859	4.2	19032972+3854139	11.947	11.016	11.987	6011	4.221	0.074	0.376	0.011	0.011	0.014	0.01	3833859	3833859	3833859	3833859	17463.072	17330.272	17319.361	17380.939	246	251	251	247	0.431744	54954.08421	11.987	0.96833	0.66431	0.44973	0.57379
3837677	4.2	19094270+3855068	15.511	14.317	15.548	5466	4.882	0.107	0.563	0.079	0.093	0.142	0.092	3837677	3837677	3837677	3837677	2329.375	2368.736	2329.624	2439.446	379	374	373	378	0.461984	54964.80396	15.548	1.05685	1.60226	0.78095	0.54857
3848042	3.2	19231294+3857107	14.919	14.051	14.965	6398	4.746	0.143	0.386	0.075	0.071	0.108	0.063	3848042	3848042	3848042	3848042	3323.779	3139.953	3323.46	3545.923	68	69	73	74	0.411445	54964.75639	14.965	0.98716	1.01211	0.44291	0.86432
3853259	4.1	19285873+3855233	13.871	12.375	13.922	4467	4.783	0.034	0.905	0.057	0.06	0.069	0.058	3853259	3853259	3853259	3853259	5876.663	5561.196	6329.061	6190.225	297	303	303	299	0.276646	54964.78008	13.922	0.9792	0.44501	0.4616	0.14544
3936357	4.2	19013860+3902281	12.42	11.143	12.437	5933	4.057	0.096	0.409	0.017	0.018	0.023	0.012	3936357	3936357	3936357	3936357	13826.115	13679.793	13681.414	13800.669	505	503	502	501	0.369153	54953.8513	12.437	1.00033	1.62031	0.98965	0.73239
3953981	1	19254276+3904256	12.597	11.173	12.633	4925	3.632	0.11	0.743	0.023	0.024	0.024	0.02	3953981	3953981	3953981	3953981	12614.974	12229.3	12954.795	12885.777	301	295	296	300	0.492014	54953.82298	12.633	1.13977	1.62426	0.69326	0.19984
3956545	4.2	19282210+3902506	13.912	12.787	13.987	5617	4.496	0.103	0.537	0.139	0.199	0.101	0.092	3956545	3956545	3956545	3956545	5455.092	5083.899	6074.063	5923.116	358	358	363	363	0.330279	54964.88451	13.987	1.09188	0.89138	0.9021	0.13424
3958488	3.2	19302437+3903475	13.04	12.339	13.104	6939	4.195	0.152	0.256	0.025	0.029	0.027	0.017	3958488	3958488	3958488	3958488	9587.913	9168.015	10075.12	9957.922	46	46	51	51	0.622887	54954.15545	13.104	1.00199	1.07951	0.47741	0.92709
3969362	3.2	19411483+3903162	14.21	13.339	14.274	6560	4.651	0.143	0.336	0.03	0.045	0.064	0.051	3969362	3969362	3969362	3969362	4161.76	4877.132	5086.531	5072.374	107	107	103	103	0.410572	54964.96526	14.274	1.35762	0.85241	0.67657	0.16765
3972629	4.3	19434392+3901295	14.905	13.403	14.931	5076	4.426	0.126	0.674	0.17	0.187	0.096	0.27	3972629	3972629	3972629	3972629	2493.538	2929.387	3031.463	2993.626	156	160	161	157	0.244242	54964.80898	14.931	1.62232	4.80863	0.80911	1.11328
4071600	1	19403698+3911019	13.447	12.704	13.493	0	0	0	0.668	0.028	0.03	0.036	0.03	4071600	4071600	4071600	4071600	6862.558	7878.762	8009.798	8090.259	69	69	66	65	1.674596	54954.58741	13.493	0.96191	1.71677	0.40662	0.94296
4074532	4.2	19430487+3906359	13.202	12.034	13.271	5403	4.786	0.055	0.572	0.021	0.026	0.041	0.028	4074532	4074532	4074532	4074532	7687.078	8796.963	8897.184	8946.229	279	283	283	280	0.353145	54953.94549	13.271	1.06828	1.19009	0.8481	0.08063
4138301	4.3	19015682+3914260	14.663	13.294	14.697	5132	4.348	0.109	0.683	0.068	0.063	0.083	0.038	4138301	4138301	4138301	4138301	3859.225	3823.781	3822.571	3957.287	364	367	369	370	0.253382	54964.68656	14.697	1.0685	1.99693	0.40816	1.03939
4244929	4.2	19040406+3918551	15.043	13.958	15.064	5857	4.707	0.12	0.434	0.07	0.073	0.084	0.056	4244929	4244929	4244929	4244929	3113.222	3053.388	3088.726	3226.65	25	28	30	30	0.341417	54964.74572	15.064	1.04502	4.82605	0.79347	0.9869
4249218	4.2	19104985+3918486	13.802	12.539	13.858	5283	4.028	0.121	0.678	0.085	0.085	0.085	0.056	4249218	4249218	4249218	4249218	6632.075	6558.576	6710.855	6819.474	163	164	168	168	0.316196	54964.85732	13.858	1.09588	0.93055	0.81398	0.10278
4273411	1	19370330+3918146	13.835	12.923	13.907	6975	4.045	0.215	0.289	0.024	0.025	0.055	0.032	4273411	4273411	4273411	4273411	6192.375	5950.85	6427.49	6144.756	61	56	55	59	1.219608	54965.66974	13.907	0.97978	1.36148	0.31217	1.01122
4350454	4.1	19081259+3929165	13.575	12.551	13.624	5907	4.089	0.13	0.473	0.071	0.056	0.107	0.061	4350454	4350454	4350454	4350454	7481.325	7587.876	7495.019	7516.331	192	196	197	192	0.965688	54964.9459	13.624	1.44121	0.70421	0.61365	0.10371
4385109	4.1	19450223+3925171	15.101	13.637	15.133	4739	4.654	0.085	0.785	0.074	0.062	0.1	0.096	4385109	4385109	4385109	4385109	2120.758	2846.72	2962.591	2892.712	249	249	253	253	0.274645	54964.66818	15.133	1.10887	0.5502	0.56168	0.08415
4458989	4.2	19200035+3932021	12.891	11.99	12.945	6519	4.128	0.132	0.313	0.015	0.014	0.022	0.014	4458989	4458989	4458989	4458989	11264.012	11282.411	11506.516	11333.942	128	133	135	130	0.529863	54954.15874	12.945	1.6025	1.06614	0.63243	0.45545
4464999	3.2	19270973+3935376	13.31	12.204	13.368	5820	4.38	0.1	0.473	0.025	0.045	0.025	0.018	4464999	4464999	4464999	4464999	8512.831	8069.343	8898.362	8921.125	40	34	34	38	0.434163	54953.82139	13.368	1.01977	1.30166	0.91195	0.30327
4474193	4.1	19365752+3933305	15.26	13.846	15.297	5319	4.232	0.175	0.687	0.062	0.062	0.086	0.053	4474193	4474193	4474193	4474193	2963.193	2834.686	2831.5	2927.309	68	71	72	69	0.32251	54964.72891	15.297	1.02987	3.57095	0.78583	0.87964
4563150	4.3	19282679+3939406	13.942	12.374	13.997	4865	4.35	0.081	0.755	0.042	0.05	0.038	0.027	4563150	4563150	4563150	4563150	5860.426	5468.937	6340.455	6318.912	51	51	56	57	0.274729	54964.7663	13.997	1.09	1.77218	0.92552	0.49334
4569923	4.1	19354500+3939310	13.815	12.619	13.873	5557	4.239	0.124	0.578	0.022	0.038	0.041	0.036	4569923	4569923	4569923	4569923	6834.925	6715.993	6780.181	6742.934	253	255	257	254	0.313582	54964.65829	13.873	1.03563	0.64746	0.50215	0.45147
4661397	4.2	19342806+3943246	15.336	14.18	15.373	5546	4.431	0.165	0.637	0.068	0.069	0.107	0.057	4661397	4661397	4661397	4661397	2828.227	2657.58	2750.428	2747.965	419	421	423	419	0.292312	54964.69318	15.373	1.08642	2.02127	0.54071	0.96769
4669592	4.2	19421776+3942022	13.047	11.794	13.081	0	0	0	0.746	0.037	0.035	0.046	0.038	4669592	4669592	4669592	4669592	8992.479	9902.218	10023.431	10139.447	209	205	204	208	0.37843	54964.98498	13.081	1.03908	0.96674	0.81284	0.0869
4672934	4.2	19450461+3947304	13.752	12.526	13.792	5590	4.381	0.113	0.544	0.029	0.023	0.045	0.036	4672934	4672934	4672934	4672934	5624.881	6617.939	6823.072	6827.682	79	79	82	82	0.382741	54964.70913	13.792	1.05459	2.66708	0.51405	1.03611
4743626	4.1	19232327+3948143	12.06	11.125	12.104	6219	4.132	0.094	0.334	0.007	0.008	0.012	0.007	4743626	4743626	4743626	4743626	17441.286	17537.18	17425.861	17446.442	10	14	17	12	1.302944	54954.91977	12.104	0.96299	1.73625	0.44048	0.89587
4752731	1	19340716+3953054	13.497	13.934	13.558	0	0	0	0.248	0.059	0.042	0.064	0.043	4752731	4752731	4752731	4752731	8155.225	7969.036	7953.834	7936.758	446	444	442	446	1.147899	54965.92149	13.558	0.98798	6.48316	1.08348	0.24866
4762887	1	19433907+3950500	14.312	13.455	14.366	6556	4.718	0.14	0.326	0.035	0.049	0.071	0.053	4762887	4762887	4762887	4762887	4016.118	4768.387	4930.586	4994.589	211	206	206	209	0.73656	54964.77206	14.366	0.98812	1.4065	0.35615	0.97686
4819564	4.2	19052530+3955053	14.734	12.56	14.672	4125	4.511	0.046	1.15	0.037	0.052	0.069	0.04	4819564	4819564	4819564	4819564	4137.142	4225.141	4266.222	4278.6	307	302	301	306	0.761208	54965.35637	14.672	1.00659	1.29841	0.5404	0.62439
4843222	3.2	19354268+3955527	14.354	13.301	14.39	5976	4.423	0.145	0.477	0.037	0.047	0.049	0.038	4843222	4843222	4843222	4843222	5260.455	5011.873	5123.279	5149.918	323	324	328	327	0.387374	54964.90292	14.39	0.99786	1.08278	0.54554	0.98984
4853067	1	19445306+3955227	13.09	12.032	13.142	5838	4.274	0.109	0.481	0.017	0.023	0.031	0.021	4853067	4853067	4853067	4853067	8610.656	9520.513	9823.217	9831.394	50	49	53	53	1.341016	54954.85696	13.142	0.97214	1.48018	0.30724	1.03002
4904304	3.2	18584126+4000380	12.948	12.096	13.004	5954	4.308	0.09	0.441	0.069	0.068	0.055	0.037	4904304	4904304	4904304	4904304	10008.233	10326.391	10256.384	9089.672	78	81	81	79	0.389472	54964.74344	13.004	1.05404	2.06335	0.851	0.65746
4909422	4.1	19081940+4002467	12.078	10.789	12.135	5404	2.911	0.163	0.719	0.009	0.01	0.012	0.007	4909422	4909422	4909422	4909422	16932.853	16952.91	17037.442	16999.845	137	137	142	142	0.395106	54953.78714	12.135	1.07764	1.29088	0.78446	0.06094
4921906	4.3	19244886+4004457	15.15	13.617	15.203	4800	4.405	0.109	0.826	0.055	0.064	0.068	0.058	4921906	4921906	4921906	4921906	3219.638	3130.221	3192.221	3157.146	86	90	93	88	0.213734	54964.61785	15.203	1.04134	2.06907	0.4343	1.03055
4937217	4.2	19412500+4000106	15.347	14.294	15.402	6075	4.661	0.169	0.486	0.09	0.128	0.125	0.101	4937217	4937217	4937217	4937217	2566.526	2507.933	2613.082	2685.324	26	28	29	26	0.429341	54964.62627	15.402	1.04338	1.66394	0.91982	0.62599
4937350	3.2	19413267+4000113	14.227	13.109	14.273	5862	4.377	0.143	0.49	0.047	0.04	0.051	0.042	4937350	4937350	4937350	4937350	5155.689	5212.077	5408.727	5387.678	15	17	18	15	0.393677	54964.63428	14.273	1.00747	2.34677	0.70533	0.93853
4940226	3.2	19435736+4004322	14.284	13.3	14.341	5997	4.416	0.149	0.491	0.225	0.26	0.139	0.204	4940226	4940226	4940226	4940226	3853.394	4338.749	4471.045	4656.595	58	53	53	56	0.378736	54964.80318	14.341	1.05821	1.25807	0.75676	0.7592
4941060	4.2	19443966+4004480	15.335	14.182	15.38	5197	4.388	0.155	0.798	0.082	0.092	0.118	0.108	4941060	4941060	4941060	4941060	1908.714	2493.327	2675.873	2584.015	14	14	18	18	0.303422	54964.69178	15.38	1.10828	1.33663	0.96117	0.43197
4945857	4.1	19484455+4002568	13.931	12.571	13.964	5232	4.345	0.106	0.643	0.104	0.085	0.091	0.091	4945857	4945857	4945857	4945857	5846.712	5873.334	5719.995	5825.94	214	215	209	209	0.335428	54964.82288	13.964	1.05729	1.16985	0.81478	0.08667
4950505	4.2	19524863+4005198	14.631	13.375	14.689	5625	4.391	0.155	0.568	0.054	0.061	0.124	0.068	4950505	4950505	4950505	4950505	3749.971	3833.602	3643.638	3579.777	238	243	241	239	0.294811	54964.86539	14.689	1.03911	1.04706	0.56656	0.49567
4991959	4.2	18591369+4009209	14.989	13.964	15.022	5683	4.37	0.134	0.552	0.062	0.057	0.086	0.047	4991959	4991959	4991959	4991959	3160.26	3328.425	3308.118	2508.127	127	131	131	127	0.360941	54964.75742	15.022	1.02547	1.161	0.93708	0.26125
4999260	4.1	19120475+4007374	9.28	7.926	9.333	5048	2.806	0.077	0.713	0.004	0.003	0.005	0.003	4999260	4999260	4999260	4999260	65385.369	65655.954	65762.136	65616.831	8	9	4	5	0.378369	54953.74302	9.333	1.01611	1.29206	0.47551	0.63491
5005570	4.2	19202793+4007556	13.629	12.532	13.685	5658	4.463	0.095	0.536	0.021	0.02	0.025	0.021	5005570	5005570	5005570	5005570	7767.298	7784.817	7754.28	7740.631	113	114	111	110	0.422817	54964.98644	13.685	1.02757	1.1897	0.47228	0.36972
5015926	4.1	19324964+4007483	12.902	11.877	12.952	5848	4.349	0.092	0.449	0.016	0.017	0.025	0.016	5015926	5015926	5015926	5015926	11472.597	11266.752	11326.757	11367.06	140	138	136	140	0.362681	54953.96393	12.952	1.05678	1.33077	0.77664	0.08149
5022573	4.2	19394316+4008492	11.423	10.422	11.474	5648	4.463	0.044	0.466	0.006	0.006	0.01	0.006	5022573	5022573	5022573	5022573	23342.211	23419.376	23407.027	23554.801	284	286	287	285	0.441738	54953.97215	11.474	0.98592	0.98787	0.50854	0.88389
5095098	4.2	19220120+4015599	15.084	12.967	15.057	4063	4.558	0.047	1.242	0.068	0.074	0.085	0.065	5095098	5095098	5095098	5095098	3476.3	3504.913	3461.281	3580.28	405	406	402	402	1.483068	54965.16592	15.057	1.05135	2.0065	0.75636	0.18884
5110245	3.2	19390865+4016184	15.429	14.307	15.471	6045	4.533	0.185	0.5	0.077	0.076	0.135	0.106	5110245	5110245	5110245	5110245	2502.056	2511.594	2574.839	2575.789	343	342	338	338	0.778062	54965.13485	15.471	0.98511	1.47331	0.41261	0.88071
5123176	4.1	19503362+4014099	11.409	10.602	11.461	6750	4.016	0.109	0.207	0.008	0.006	0.014	0.009	5123176	5123176	5123176	5123176	22592.242	22717.658	22566.612	22544.202	480	475	477	479	0.707831	54953.90266	11.461	1.03391	1.09238	0.82339	0.21248
5128972	4.1	19553505+4017175	13.185	11.986	13.236	5776	4.218	0.12	0.497	0.163	0.171	0.12	0.213	5128972	5128972	5128972	5128972	7838.732	8044.818	8089.192	7579.904	175	180	178	177	0.505302	54965.04858	13.236	1.20938	1.39625	0.77944	0.10131
5201619	3.1	19424109+4022032	12.991	12.324	13.046	6498	4.268	0.131	0.348	0.037	0.037	0.054	0.031	5201619	5201619	5201619	5201619	10279.408	10288.112	10433.383	10567.017	182	183	187	186	0.507273	54964.77513	13.046	1.1502	0.83581	0.88435	0.07857
5218385	4.3	19561617+4023033	14.549	13.205	14.616	5260	4.288	0.143	0.705	0.052	0.087	0.091	0.094	5218385	5218385	5218385	5218385	3801.857	3799.333	3793.429	3762.047	198	203	201	200	0.281538	54964.58151	14.616	1.05789	2.60978	0.60008	0.94796
5259926	1	19063812+4025335	14.163	13.105	14.21	5869	4.443	0.115	0.488	0.032	0.037	0.048	0.026	5259926	5259926	5259926	5259926	5580.259	5624.925	5763.276	5755.348	56	51	50	56	0.437821	54964.90964	14.21	1.00334	1.31174	0.35048	0.96004
5282464	4.1	19354696+4026583	12.759	11.816	12.796	7472	3.963	0.19	0.149	0.017	0.018	0.023	0.016	5282464	5282464	5282464	5282464	12415.282	12296.265	12311.115	12271.772	72	73	76	76	0.496398	54964.70699	12.796	1.22315	0.76713	0.68718	0.05301
5283266	4.2	19363646+4024055	14.11	12.644	14.196	4921	4.046	0.124	0.896	0.026	0.043	0.06	0.031	5283266	5283266	5283266	5283266	5702.264	5636.859	5736.859	5798.969	25	24	20	21	0.314644	54964.67543	14.196	1.17891	1.26151	0.84187	0.44462
5283839	4.2	19371271+4028007	15.09	14.044	15.156	5906	4.548	0.159	0.529	0.047	0.076	0.105	0.06	5283839	5283839	5283839	5283839	3161.178	3098.067	3238.355	3307.616	145	144	140	141	0.315238	54964.85212	15.156	1.00121	2.64974	0.84542	1.0228
5307780	4.2	19573554+4025225	14.863	13.765	14.906	6075	4.488	0.183	0.482	0.174	0.216	0.245	0.24	5307780	5307780	5307780	5307780	2999.996	2967.442	2963.767	2882.716	125	131	128	127	0.308846	54964.97653	14.906	1.04368	1.65006	0.81015	0.45788
5310387	4.3	19593092+4028567	12.627	11.653	12.682	6520	4.072	0.151	0.317	0.024	0.023	0.031	0.024	5310387	5310387	5310387	5310387	11199.424	11308.246	11386.148	11238.936	22	27	25	24	0.441666	54953.66341	12.682	1.04263	3.39203	0.73986	1.08456
5353374	4.1	19155373+4030362	14.028	13.159	14.068	6402	4.141	0.16	0.36	0.024	0.028	0.031	0.026	5353374	5353374	5353374	5353374	6339.093	6288.581	6352.26	6266.254	160	164	164	160	0.393323	54964.66105	14.068	1.02415	1.1743	0.90809	0.37799
5369419	1	19351867+4033030	12.909	12.06	12.973	6669	4.213	0.137	0.257	0.022	0.025	0.03	0.026	5369419	5369419	5369419	5369419	11327.97	11179.508	11257.73	11184.834	35	32	31	35	0.437677	54954.04814	12.973	1.01094	1.29131	0.3257	0.98534
5371109	4.1	19370306+4035548	13.923	13.125	13.972	7396	4.061	0.226	0.198	0.051	0.048	0.06	0.049	5371109	5371109	5371109	5371109	6393.567	6360.686	6497.589	6578.224	151	148	147	151	1.19172	54965.79034	13.972	0.97911	0.5058	0.47167	0.21718
5374883	3.2	19405396+4031355	15.422	14.167	15.463	5818	4.39	0.192	0.56	0.063	0.083	0.129	0.075	5374883	5374883	5374883	5374883	2497.218	2506.327	2637.185	2711.227	378	379	382	382	0.419711	54964.75568	15.463	1.04849	1.23669	0.83041	0.2637
5425950	4.2	18521368+4041174	14.96	13.794	15.003	5483	4.559	0.108	0.585	0.054	0.064	0.085	0.054	5425950	5425950	5425950	5425950	2704.799	3160.082	2869.247	2830.239	111	111	108	106	0.378167	54964.61574	15.003	1.13751	0.92965	0.90553	0.20248
5426665	4.2	18533969+4038008	14.434	13.215	14.475	6012	4.206	0.135	0.428	0.057	0.056	0.082	0.036	5426665	5426665	5426665	5426665	4259.373	4455.262	4401.255	3654.912	44	40	40	44	0.389549	54964.87972	14.475	1.03483	0.86813	0.82814	0.11237
5439790	3.2	19162894+4039018	13.199	12.256	13.248	6566	4.197	0.133	0.306	0.017	0.019	0.026	0.016	5439790	5439790	5439790	5439790	9874.707	9726.923	9711.622	9792.884	193	193	198	197	0.796107	54954.50275	13.248	1.05713	1.73103	0.94239	0.66703
5440746	3.2	19174110+4037576	14.123	13.179	14.172	6138	4.548	0.119	0.408	0.034	0.031	0.034	0.032	5440746	5440746	5440746	5440746	5944.474	5946.977	6015.455	5993.148	31	31	36	35	0.482646	54964.94574	14.172	1.20787	1.82085	0.49281	0.79425
5450322	4.2	19293885+4038100	14.756	13.615	14.786	5741	4.482	0.139	0.527	0.076	0.054	0.095	0.07	5450322	5450322	5450322	5450322	4106.239	3772.108	3968.478	3712.649	70	74	75	70	0.424032	54964.99719	14.786	1.02289	1.27276	0.42517	0.90547
5459373	4.1	19393915+4041054	15.052	13.605	15.091	4982	4.427	0.121	0.742	0.166	0.282	0.279	0.26	5459373	5459373	5459373	5459373	3134.91	2936.466	3097.745	3132.731	309	307	306	310	0.286614	54964.66888	15.091	0.98435	0.90725	0.42716	0.78941
5468295	4.1	19474342+4039550	14.255	13.166	14.31	5758	4.536	0.124	0.541	0.039	0.06	0.088	0.039	5468295	5468295	5468295	5468295	5126.139	5024.872	5024.36	5191.562	13	17	18	14	0.352017	54964.77986	14.31	1.01047	2.89149	0.77554	0.90524
5478466	3.2	19562268+4041391	14.169	13.028	14.226	5809	4.396	0.144	0.531	0.037	0.05	0.051	0.078	5478466	5478466	5478466	5478466	4941.903	4942.159	4927.984	4792.557	439	444	442	440	0.482484	54964.85739	14.226	1.00675	2.94879	0.7357	0.86936
5480282	4.1	19574550+4038344	14.726	13.65	14.744	6137	4.5	0.177	0.442	0.086	0.057	0.111	0.122	5480282	5480282	5480282	5480282	3399.784	3509.378	3500.612	3317.969	289	295	292	291	0.360983	54964.71063	14.744	0.97227	1.21091	0.31185	0.98359
5535061	1	19290882+4044548	12.32	11.537	12.388	6580	4.347	0.096	0.273	0.01	0.01	0.021	0.011	5535061	5535061	5535061	5535061	15307.845	14608.045	14985.83	14890.111	190	190	186	187	0.463427	54954.05038	12.388	1.01548	1.58142	0.99428	0.88121
5557368	4.2	19505639+4046042	12.589	11.356	12.65	5143	4.384	0.058	0.655	0.027	0.023	0.04	0.036	5557368	5557368	5557368	5557368	12473.91	12574.758	12293.838	12410.184	88	83	85	87	0.297937	54953.76508	12.65	1.17734	3.71995	0.60302	1.07038
5563814	4.3	19561608+4043155	15.161	13.776	15.192	5032	4.691	0.106	0.686	0.291	0.409	0.426	0.3	5563814	5563814	5563814	5563814	2334.542	2389.063	2312.9	2322.331	469	475	472	471	0.308252	54964.67757	15.192	1.14054	4.18416	0.67693	1.07629
5567438	1	19585974+4046210	13.771	12.817	13.809	6289	4.385	0.152	0.384	0.065	0.072	0.064	0.091	5567438	5567438	5567438	5567438	5966.956	6010.784	6102.963	5964.188	114	114	120	119	0.584536	54964.98778	13.809	1.03319	2.9839	0.62542	0.83645
5620981	4.2	19283052+4053002	14.823	13.518	14.873	5406	4.473	0.125	0.606	0.046	0.055	0.073	0.049	5620981	5620981	5620981	5620981	4061.498	3455.858	3819.254	3653.922	163	162	159	159	0.333516	54964.75794	14.873	1.13314	0.80264	0.79943	0.073
5651175	3.3	19571921+4049133	14.693	13.766	14.732	6467	4.711	0.162	0.368	0.055	0.073	0.09	0.075	5651175	5651175	5651175	5651175	3615.379	3577.488	3655.912	3393.979	351	350	356	356	0.985203	54965.22578	14.732	0.98958	1.29927	0.32509	0.99068
5699617	4.1	19194803+4059119	14.942	13.24	14.971	4817	4.257	0.115	0.797	0.06	0.055	0.078	0.062	5699617	5699617	5699617	5699617	3772.457	3236.155	3717.873	3474.974	145	150	150	147	0.288919	54964.79255	14.971	1.08593	0.81031	0.7612	0.07841
5703230	4.2	19241713+4055011	11.78	11.125	11.795	7748	3.611	0.184	0.061	0.007	0.005	0.009	0.007	5703230	5703230	5703230	5703230	20372.653	20483.879	20469.245	20440.724	45	44	47	48	0.731513	54954.35361	11.795	1.01111	0.95543	0.39181	0.84913
5770431	3.2	18555291+4104522	13.38	12.323	13.399	6338	4.044	0.13	0.336	0.016	0.021	0.026	0.016	5770431	5770431	5770431	5770431	7950.983	8570.757	8226.748	8258.227	41	44	45	42	0.39244	54953.92318	13.399	1.07062	2.09971	0.80645	0.6128
5770860	3.2	18564562+4101301	13.789	12.848	13.857	6391	4.314	0.123	0.35	0.023	0.027	0.045	0.019	5770860	5770860	5770860	5770860	6542.83	6747.935	6715.161	5830.911	88	84	83	87	0.737556	54965.26948	13.857	1.0803	1.53942	0.80731	0.26724
5790912	4.1	19271412+4100512	14.434	13.324	14.494	5733	4.58	0.116	0.52	0.039	0.043	0.1	0.065	5790912	5790912	5790912	5790912	5019.737	4346.581	4642.153	4499.339	41	41	37	37	0.383314	54964.71697	14.494	1.05475	0.93428	0.8325	0.08299
5802834	1	19410488+4101268	12.145	11.233	12.211	6077	4.329	0.08	0.389	0.01	0.014	0.017	0.014	5802834	5802834	5802834	5802834	16318.122	16349.083	16502.677	16531.355	125	126	129	129	1.092437	54954.47745	12.211	1.1171	2.05763	0.52666	0.71993
5809868	4.2	19472503+4104031	12.89	11.848	12.955	6878	4.046	0.172	0.258	0.015	0.016	0.03	0.016	5809868	5809868	5809868	5809868	10986.586	11048.979	10977.185	11071.614	357	361	362	358	0.439394	54964.79717	12.955	1.11278	1.51624	0.90281	0.4634
5820209	4.1	19555773+4103522	13.496	11.692	13.495	4750	3.175	0.213	0.851	0.121	0.073	0.078	0.09	5820209	5820209	5820209	5820209	7263.353	7459.101	7455.239	7414.213	251	246	249	250	0.656124	54964.82152	13.495	0.93571	0.55907	0.60481	-0.02419
5951553	3.2	19160504+4117007	15.279	14.208	15.343	5863	4.563	0.144	0.517	0.072	0.06	0.078	0.048	5951553	5951553	5951553	5951553	2952.477	2542.358	2907.511	2723.624	69	69	64	64	0.431962	54965.01686	15.343	1.05233	5.23075	0.70011	1.03845
5955731	3.3	19211422+4113296	12.937	11.962	12.993	0	0	0	0.469	0.016	0.013	0.017	0.011	5955731	5955731	5955731	5955731	11231.926	10663.799	11203.408	10922.243	190	195	195	193	1.003843	54954.56286	12.993	1.03725	2.02814	0.42574	1.03526
5961327	4.1	19284013+4117388	15.381	13.721	15.417	4842	4.422	0.119	0.774	0.08	0.082	0.126	0.091	5961327	5961327	5961327	5961327	2921.823	2321.021	2675.775	2583.588	357	353	352	357	0.2992	54964.85695	15.417	1.01185	0.69154	0.78868	0.23475
5962877	1	19303801+4115459	12.725	11.544	12.764	5646	4.259	0.086	0.484	0.027	0.117	0.115	0.056	5962877	5962877	5962877	5962877	12392.586	11372.357	11685.754	11987.742	446	446	448	449	1.200747	54965.42669	12.764	0.97475	1.47625	0.37521	0.92509
5978521	3.3	19464772+4115487	13.64	12.631	13.676	6439	4.088	0.182	0.366	0.024	0.043	0.075	0.048	5978521	5978521	5978521	5978521	7559.508	7444.514	7367.03	7532.662	450	450	445	444	0.608153	54964.69323	13.676	1.06966	1.59179	0.4223	0.97907
5984000	4.2	19513227+4114579	14.412	13.118	14.431	5414	4.41	0.128	0.582	0.05	0.074	0.109	0.09	5984000	5984000	5984000	5984000	4744.644	4713.395	4643.796	4712.743	52	53	48	47	0.323056	54964.65529	14.431	1.02654	1.66304	0.8974	0.57708
6024572	4.2	18592570+4119014	15.492	14.538	15.521	6224	4.548	0.147	0.404	0.085	0.082	0.107	0.08	6024572	6024572	6024572	6024572	2389.122	2571.173	2534.006	2433.482	151	148	148	152	0.414908	54964.6519	15.521	1.0367	1.35353	0.85761	0.37929
6044543	4.2	19295639+4118560	13.714	12.864	13.764	7240	4.056	0.199	0.2	0.025	0.021	0.045	0.024	6044543	6044543	6044543	6044543	7488.607	6906.584	7213.184	7096.366	454	451	449	454	0.532086	54964.91362	13.764	1.28974	1.30727	0.91833	0.11845
6050116	4.2	19363311+4120225	14.233	12.659	14.258	4569	4.524	0.059	0.849	0.192	0.262	0.16	0.201	6050116	6050116	6050116	6050116	5129.198	5017.233	5352.183	5193.234	4	8	9	4	0.239908	54964.70934	14.258	1.02063	1.73866	0.97288	0.56329
6057829	3.2	19442976+4123089	13.257	11.948	13.309	5444	4.417	0.084	0.565	0.02	0.039	0.047	0.033	6057829	6057829	6057829	6057829	9313.178	9154.354	9163.413	9297.899	161	162	157	156	0.483421	54954.07984	13.309	1.5028	5.18126	0.74179	1.06791
6061139	4.1	19473449+4118292	15.164	13.762	15.232	5063	4.536	0.122	0.773	0.061	0.057	0.097	0.062	6061139	6061139	6061139	6061139	2946.43	3019.19	2958.259	3085.351	486	482	481	486	0.322438	54964.91491	15.232	1.15943	0.78187	0.7508	0.06049
6106771	4.2	19021888+4126159	15.459	14.16	15.491	5559	4.358	0.143	0.57	0.068	0.079	0.102	0.055	6106771	6106771	6106771	6106771	2566.673	2666.148	2678.318	2555.562	232	231	235	234	0.263825	54964.61588	15.491	1.14981	4.03226	0.96772	0.82081
6118779	3.2	19210692+4124421	15.436	14.226	15.51	5428	4.791	0.113	0.638	0.073	0.081	0.089	0.043	6118779	6118779	6118779	6118779	2641.842	2145.044	2619.996	2449.623	253	253	258	258	0.364228	54964.63051	15.51	1.047	4.95089	0.8501	1.10713
6128248	4.2	19330739+4126083	15.095	13.606	15.166	4867	4.346	0.12	0.893	0.056	0.056	0.115	0.035	6128248	6128248	6128248	6128248	3224.325	2843.674	3153.843	3000.011	3	4	7	8	0.291745	54964.75118	15.166	1.13776	1.18306	0.84511	0.29062
6148704	1	19531835+4126026	13.28	12.242	13.33	5998	4.359	0.115	0.428	0.033	0.029	0.042	0.035	6148704	6148704	6148704	6148704	8862.308	8766.128	8663.617	8773.926	174	179	179	175	0.305845	54953.89642	13.33	0.9683	1.65852	0.33798	1.02104
6209824	1	19332332+4132534	12.07	11.429	12.127	0	0	0	0.484	0.024	0.034	0.031	0.019	6209824	6209824	6209824	6209824	17227.756	16918.745	17064.3	17136.664	84	84	81	81	1.262963	54954.93581	12.127	0.96452	1.61661	0.34064	1.01008
6223646	4.1	19473200+4131078	13.514	12.922	13.552	7907	3.935	0.26	0.149	0.025	0.034	0.06	0.033	6223646	6223646	6223646	6223646	8077.367	8006.893	7882.635	8125.226	315	311	310	315	0.364931	54953.71364	13.552	0.95052	0.58182	0.59907	-0.02335
6281103	4.2	19215212+4140281	14.846	13.785	14.899	5715	4.894	0.098	0.503	0.042	0.047	0.061	0.04	6281103	6281103	6281103	6281103	3991.028	3314.607	3981.349	3690.167	16	16	21	21	0.363295	54964.86491	14.899	0.98442	0.48825	0.4606	0.46292
6309193	1	19524246+4136076	13.627	12.438	13.674	5367	4.377	0.098	0.598	0.027	0.029	0.048	0.03	6309193	6309193	6309193	6309193	7479.535	7331.576	7242.382	7455.745	356	360	360	357	0.21249	54964.60965	13.674	0.96097	1.63145	0.34056	0.99366
6350020	1	19063485+4142121	15.329	14.125	15.383	5592	4.42	0.139	0.589	0.061	0.058	0.092	0.073	6350020	6350020	6350020	6350020	2821.288	2947.469	2838.205	2799.915	29	30	25	25	0.241793	54964.61366	15.383	0.99926	1.56992	0.38407	0.95907
6359771	4.2	19212215+4147118	14.915	13.916	14.967	6078	4.672	0.133	0.442	0.098	0.197	0.112	0.079	6359771	6359771	6359771	6359771	3696.356	3113.857	3762.55	3480.931	31	31	36	36	0.40605	54964.97746	14.967	1.03248	1.72013	0.30922	1.07206
6368316	4.1	19324508+4143411	15.049	13.865	15.084	5440	4.559	0.128	0.608	0.054	0.056	0.079	0.054	6368316	6368316	6368316	6368316	3530.19	3328.28	3431.892	3469.383	78	77	74	74	0.338508	54964.63524	15.084	0.94151	0.43453	0.43136	0.12039
6370361	1	19351209+4146232	13.189	12.33	13.21	6509	4.089	0.153	0.313	0.015	0.015	0.024	0.019	6370361	6370361	6370361	6370361	9962.696	9850.953	9949.639	9946.512	452	452	449	448	0.454909	54953.65961	13.21	1.04037	1.61278	0.8452	0.37871
6370665	4.3	19353496+4145362	13.947	13.061	13.999	7386	3.639	0.255	0.207	0.082	0.043	0.07	0.051	6370665	6370665	6370665	6370665	6428.43	6310.757	6390.61	6348.36	415	419	420	415	0.932332	54965.40769	13.999	1.02381	1.56156	0.54067	1.01741
6390205	3.2	19543951+4146480	12.53	11.881	12.545	8254	3.96	0.231	0.059	0.017	0.019	0.029	0.016	6390205	6390205	6390205	6390205	13313.596	13233.091	13124.104	13326.399	344	349	349	346	0.449406	54964.65611	12.545	1.26437	5.43852	0.9105	0.51881
6424124	3.2	18572186+4150193	13.93	12.801	13.979	5797	4.159	0.121	0.493	0.033	0.028	0.038	0.024	6424124	6424124	6424124	6424124	6374.166	6437.174	6357.706	6515.609	337	338	335	335	0.38553	54964.89119	13.979	1.02062	3.50355	0.8139	0.98101
6431545	4.2	19111888+4148177	13.79	12.602	13.853	5459	4.211	0.108	0.631	0.109	0.07	0.089	0.144	6431545	6431545	6431545	6431545	6688.65	6875.322	6759.069	6713.264	122	125	126	121	0.31683	54964.58836	13.853	0.97142	0.5543	0.5708	0.00285
6447430	1	19331120+4152267	11.401	10.861	11.405	8010	3.784	0.166	0.016	0.007	0.007	0.01	0.006	6447430	6447430	6447430	6447430	24649.839	24569.226	24573.036	24593.216	207	207	204	204	1.160001	54954.15016	11.405	0.97738	1.68841	0.41215	0.92499
6467389	4.1	19532604+4153291	13.1	11.958	13.132	5183	4.345	0.076	0.661	0.022	0.023	0.037	0.024	6467389	6467389	6467389	6467389	10006.445	9790.791	9736.211	9896.988	489	485	485	489	0.288977	54953.68595	13.132	1.10447	0.78447	0.76618	0.06432
6471048	4.3	19563075+4149418	12.784	11.292	12.836	4850	4.186	0.066	0.746	0.033	0.027	0.032	0.027	6471048	6471048	6471048	6471048	11275.188	11259.009	11194.826	11265.735	55	54	59	60	0.297229	54953.6877	12.836	1.3721	5.14833	0.90538	1.11522
6504095	4.3	18595062+4156487	14.788	13.657	14.842	5679	4.422	0.123	0.547	0.045	0.046	0.057	0.035	6504095	6504095	6504095	6504095	3854.742	4013.213	3966.735	4127.616	260	263	263	259	0.306778	54964.63482	14.842	1.06794	2.67672	0.5131	1.05335
6521123	4.1	19253839+4155433	14.471	13.393	14.551	5550	4.583	0.107	0.626	0.042	0.045	0.07	0.031	6521123	6521123	6521123	6521123	4824.897	4613.88	4637.649	4793.611	255	255	251	251	0.366383	54964.98702	14.551	1.05125	0.71775	0.70288	0.03319
6529902	4.3	19363486+4157136	15.27	14.282	15.311	6408	4.506	0.188	0.415	0.054	0.062	0.081	0.08	6529902	6529902	6529902	6529902	2995.094	2971.887	2954.994	2884.302	361	362	365	365	0.284806	54964.74745	15.311	0.99676	1.59927	0.33428	0.99268
6615041	4.1	19372686+4202452	13.825	12.833	13.877	5718	4.444	0.11	0.531	0.028	0.032	0.038	0.028	6615041	6615041	6615041	6615041	6992.018	6839.509	6974.233	6957.384	193	193	197	197	0.340086	54964.80817	13.877	1.03485	0.8442	0.88059	0.16015
6677225	3.2	19083295+4208400	13.668	12.692	13.715	7163	4.027	0.165	0.191	0.032	0.026	0.037	0.035	6677225	6677225	6677225	6677225	7497.681	7674.4	7531.127	7665.907	456	453	453	456	0.525029	54964.73257	13.715	1.01395	0.8095	0.78109	0.79971
6689368	1	19244266+4211559	12.915	12.09	12.982	0	0	0	0.412	0.014	0.019	0.023	0.011	6689368	6689368	6689368	6689368	11361.252	11007.033	11074.286	11334.861	255	254	251	250	1.270127	54954.34493	12.982	0.99126	0.89737	0.35162	0.80776
6791604	4.2	19424213+4214261	13.87	13	13.924	7346	4.088	0.221	0.218	0.026	0.024	0.046	0.019	6791604	6791604	6791604	6791604	6752.714	6929.529	6682.969	6787.853	225	230	229	226	0.5288	54964.68482	13.924	1.20401	1.87133	0.92908	0.12676
6803335	3.2	19524980+4212041	12.155	11.037	12.118	0	0	0	0.486	0.011	0.012	0.02	0.01	6803335	6803335	6803335	6803335	16813.093	16799.303	16722.578	16805.17	194	189	190	194	1.110935	54954.32909	12.118	0.97795	4.51473	0.99754	0.12773
6838978	4.3	18501731+4223437	11.826	10.916	11.9	6150	4.231	0.071	0.358	0.012	0.006	0.014	0.01	6838978	6838978	6838978	6838978	17966.621	17747.65	18351.978	17534.217	86	89	90	84	1.106758	54954.25838	11.9	0.9784	1.17128	0.3229	0.96313
6843507	4.2	18583464+4223559	15.046	13.801	15.093	5489	4.407	0.123	0.594	0.073	0.049	0.072	0.045	6843507	6843507	6843507	6843507	3247.067	3491.151	3416.327	3483.256	215	214	217	217	0.343183	54964.76794	15.093	1.07301	0.84507	0.83603	0.07833
6871716	1	19371619+4218190	14.803	13.647	14.861	5657	4.365	0.151	0.59	0.045	0.045	0.072	0.052	6871716	6871716	6871716	6871716	4075.962	3863.987	3994.198	3854.031	100	100	104	104	0.255658	54964.7214	14.861	1.00308	1.47654	0.39407	0.91326
6964796	4.1	19444726+4225495	12.557	11.509	12.611	5657	4.285	0.081	0.501	0.024	0.017	0.027	0.03	6964796	6964796	6964796	6964796	13420.103	13511.748	13384.983	13453.861	205	209	209	204	0.399961	54964.68295	12.611	1.03091	0.55307	0.48229	0.54687
6966265	4.2	19460848+4226136	14.502	13.457	14.55	5460	4.375	0.133	0.663	0.039	0.03	0.066	0.039	6966265	6966265	6966265	6966265	4691.012	4846.469	4592.593	4776.168	101	105	105	100	0.313431	54964.75916	14.55	1.05839	1.25019	0.90061	0.19569
7013934	3.3	18571684+4232204	12.924	12.227	12.94	7699	3.711	0.159	0.066	0.017	0.016	0.026	0.019	7013934	7013934	7013934	7013934	11297.859	11369.637	11340.983	11408.761	151	147	147	151	0.641361	54953.76828	12.94	1.17011	1.78066	0.47639	0.96965
7035139	4.2	19290807+4235404	15.437	14.365	15.48	5656	4.408	0.164	0.604	0.146	0.217	0.222	0.129	7035139	7035139	7035139	7035139	2757.219	2384.566	2468.888	2718.419	26	26	30	31	0.309752	54964.84216	15.48	1.10429	1.17361	0.86814	0.56084
7037319	3.1	19314764+4230304	13.649	12.801	13.712	7027	4.11	0.182	0.25	0.019	0.025	0.035	0.02	7037319	7037319	7037319	7037319	7525.131	7373.08	7142.653	7712.832	224	228	227	222	0.57812	54965.1267	13.712	1.18782	0.7794	0.63907	0.13407
7118621	4.1	19281417+4238075	14.081	13.223	14.136	5693	4.318	0.125	0.566	0.039	0.04	0.057	0.033	7118621	7118621	7118621	7118621	6050.593	5823.427	5867.251	6026.049	133	133	137	138	0.370553	54964.86184	14.136	1.02561	0.82726	0.91508	0.10425
7118656	4.3	19281635+4238323	14.995	13.708	15.033	5271	4.474	0.122	0.66	0.055	0.052	0.095	0.039	7118656	7118656	7118656	7118656	3608.562	3406.851	3417.078	3600.75	125	125	129	130	0.321355	54964.7478	15.033	1.14987	3.28604	0.53787	1.06818
7119876	3.2	19294378+4240564	14.97	13.916	15.015	5995	4.504	0.152	0.469	0.048	0.071	0.085	0.05	7119876	7119876	7119876	7119876	3580.422	3355.458	3106.511	3681.679	98	98	93	93	0.36638	54964.65646	15.015	1.05593	2.90271	0.87231	0.70082
7130044	4.1	19410581+4240081	14.261	12.502	14.302	5047	3.667	0.183	0.77	0.026	0.036	0.066	0.045	7130044	7130044	7130044	7130044	5602.099	5516.673	5339.743	5491.95	193	193	188	189	0.297664	54964.69769	14.302	1.09433	0.94763	0.83958	0.14496
7173910	4.1	18444874+4244458	14.326	13.217	14.36	5792	4.331	0.112	0.477	0.057	0.028	0.041	0.043	7173910	7173910	7173910	7173910	4146.584	3949.293	4625.311	3874.478	189	186	186	191	0.402247	54964.70588	14.36	1.08741	0.74577	0.73864	0.11807
7199353	4.3	19255637+4244160	14.428	13.057	14.49	5166	4.428	0.102	0.677	0.028	0.042	0.073	0.035	7199353	7199353	7199353	7199353	5025.17	4712.224	4732.424	4912.052	106	101	102	109	0.281985	54964.81554	14.49	1.15099	3.89781	0.96154	0.7833
7217866	4.2	19462002+4245541	13.806	12.705	13.865	5600	4.38	0.112	0.569	0.027	0.017	0.037	0.029	7217866	7217866	7217866	7217866	6959.915	7091.992	6933.461	6944.862	27	27	31	31	0.407167	54964.72633	13.865	1.02512	0.94306	0.63621	0.92786
7259917	4.1	18530219+4250442	12.132	10.799	12.132	0	0	0	0.333	0.027	0.02	0.025	0.026	7259917	7259917	7259917	7259917	15852.971	16687.119	16508.908	16223.49	120	124	125	119	0.384681	54953.80606	12.132	1.23599	0.9034	0.79179	0.07718
7269797	4.1	19104788+4250407	15.605	14.335	15.637	5163	4.609	0.116	0.69	0.079	0.065	0.041	0.046	7269797	7269797	7269797	7269797	2317.65	2103.405	2465.27	2362.068	104	103	98	100	0.281794	54964.70841	15.637	1.09333	0.74488	0.68236	0.05229
7269843	4.3	19105282+4253189	15.967	14.477	15.962	5002	4.555	0.124	0.692	0.101	0.093	0.097	0.072	7269843	7269843	7269843	7269843	1817.779	1686.123	2030.813	1846.564	131	127	127	132	0.268211	54964.57115	15.962	1.10761	2.70449	0.91782	0.51553
7272739	4.3	19152572+4248451	12.91	11.817	12.961	5192	3.759	0.112	0.712	0.037	0.02	0.028	0.032	7272739	7272739	7272739	7272739	10952.534	10740.888	11393.648	11052.206	302	304	308	307	0.281163	54964.85529	12.961	1.19072	3.55492	0.94752	0.96876
7282128	4.1	19271595+4248094	14.276	13.007	14.338	5363	4.587	0.093	0.62	0.033	0.045	0.053	0.027	7282128	7282128	7282128	7282128	5401.792	5175.184	5230.122	5488.79	174	170	171	177	0.347054	54964.93287	14.338	0.97823	0.50224	0.43377	0.5978
7304911	3.2	19511689+4253075	12.7	11.74	12.769	6683	3.925	0.169	0.275	0.025	0.021	0.026	0.024	7304911	7304911	7304911	7304911	12198.616	12240.45	12086.873	12198.357	48	51	52	49	0.625572	54954.04069	12.769	1.02822	0.86367	0.42509	0.80994
7339123	4.1	18503405+4256469	11.511	10.608	11.541	6138	4.212	0.065	0.343	0.008	0.005	0.009	0.007	7339123	7339123	7339123	7339123	21472.488	22152.062	22025.932	21811.659	55	55	52	50	0.347103	54953.72227	11.541	1.06198	1.18342	0.69834	0.16269
7362751	1	19270652+4257044	15.718	14.256	15.774	5079	4.513	0.133	0.716	0.087	0.096	0.145	0.052	7362751	7362751	7362751	7362751	2256.841	2104.402	2129.932	2293.026	47	42	43	49	0.338261	54964.74223	15.774	1.05582	1.48699	0.49167	0.69029
7367833	4.2	19332037+4255188	15.293	14.138	15.342	5799	4.58	0.151	0.532	0.065	0.068	0.078	0.06	7367833	7367833	7367833	7367833	2797.626	2780.992	2683.806	3063.603	376	376	380	381	0.286213	54964.85067	15.342	1.09867	0.79829	0.7671	0.04357
7387296	1	19522775+4258435	11.069	10.595	11.055	8822	3.924	0.172	-0.055	0.005	0.004	0.007	0.005	7387296	7387296	7387296	7387296	28564.6	28605.296	28482.377	28704.029	31	34	34	32	2.579583	54955.33221	11.055	0.98	1.97684	0.48154	0.86888
7457163	4.1	19410572+4303359	12.383	11.372	12.442	6155	4.115	0.107	0.371	0.009	0.009	0.018	0.011	7457163	7457163	7457163	7457163	14877.281	14898.017	14742.894	14817.313	95	90	90	94	0.774598	54954.11665	12.442	1.16486	2.02006	0.73555	0.54552
7458285	4.1	19421027+4302570	13.497	12.423	13.519	6536	3.807	0.204	0.331	0.02	0.016	0.028	0.024	7458285	7458285	7458285	7458285	8497.493	8570.51	8413.93	8506.198	191	187	186	191	0.66062	54964.86301	13.519	1.21898	1.1624	0.8512	0.15322
7501230	4.2	18452694+4309108	12.398	11.644	12.447	6977	4.142	0.106	0.199	0.02	0.011	0.021	0.014	7501230	7501230	7501230	7501230	13399.938	13338.297	13373.575	12843.495	24	27	28	23	0.892755	54954.44677	12.447	1.06	1.17649	0.9103	0.21721
7506164	3.2	18545141+4306516	13.658	12.989	13.682	7576	3.733	0.158	0.097	0.039	0.019	0.041	0.03	7506164	7506164	7506164	7506164	6649.088	7500.911	7298.907	7089.812	126	131	131	126	0.558018	54964.89929	13.682	1.10805	1.24671	0.43708	0.91245
7512381	4.2	19055994+4307498	12.709	11.307	12.737	5911	4.193	0.092	0.421	0.018	0.024	0.015	0.013	7512381	7512381	7512381	7512381	12107.703	12541.465	12410.916	12849.258	316	314	319	319	0.423924	54953.97058	12.737	1.02191	1.28633	0.97069	0.35061
7516345	3.1	19121500+4307392	12.268	11.675	12.325	6885	4.246	0.104	0.229	0.063	0.027	0.023	0.03	7516345	7516345	7516345	7516345	14894.397	15050.964	15525.836	15360.58	82	79	78	83	0.49188	54964.91007	12.325	1.12156	0.74437	0.67727	0.04487
7518816	4.2	19155176+4306271	12.804	11.701	12.846	6087	4.163	0.105	0.386	0.026	0.014	0.02	0.016	7518816	7518816	7518816	7518816	11706.836	11483.091	12072.933	11906.23	92	94	98	97	0.466588	54953.6918	12.846	1.42459	2.1523	0.926	0.09022
7542091	4.1	19425200+4309527	12.286	11.269	12.343	5673	3.968	0.101	0.514	0.011	0.01	0.017	0.01	7542091	7542091	7542091	7542091	15533.771	15602.806	15481.296	15580.288	157	152	152	157	0.390492	54953.87567	12.343	1.05117	0.86508	0.7662	0.09147
7584739	3.1	18490986+4317022	13.318	12.811	13.38	6772	4.127	0.125	0.248	0.033	0.017	0.026	0.026	7584739	7584739	7584739	7584739	7636.846	8475.203	8356.628	8097.095	66	67	62	60	0.911564	54954.43199	13.38	1.17022	1.08681	0.81612	0.14016
7597095	4.3	19122924+4312285	14.177	12.797	14.199	4915	4.535	0.071	0.677	0.034	0.021	0.038	0.028	7597095	7597095	7597095	7597095	5589.646	5443.852	5906.995	5705.607	46	42	41	46	0.301206	54964.71068	14.199	1.09049	2.26546	0.98882	0.73007
7610486	4.1	19305556+4314415	15.614	14.537	15.684	5682	4.682	0.145	0.623	0.057	0.093	0.11	0.052	7610486	7610486	7610486	7610486	2237.844	2212.621	2012.833	2437.876	155	150	151	156	0.457691	54964.75289	15.684	1.04465	0.72838	0.70318	0.03548
7657914	4.1	18395228+4323084	12.849	12.163	12.906	6794	4.106	0.112	0.227	0.03	0.016	0.028	0.018	7657914	7657914	7657914	7657914	9897.16	9875.746	9930.724	9260.229	44	48	40	42	0.474529	54953.98337	12.906	1.29528	0.7968	0.78228	0.04344
7676610	1	19190560+4323171	12.649	12.058	12.641	8493	3.878	0.185	-0.031	0.013	0.01	0.022	0.015	7676610	7676610	7676610	7676610	13253.2	12439.947	12950.081	13067.252	22	60	18	57	1.22575	54954.63511	12.641	1.14792	1.93092	0.44337	0.91171
7685693	4.1	19313065+4322014	13.879	12.217	13.946	4792	3.415	0.168	0.924	0.122	0.072	0.121	0.039	7685693	7685693	7685693	7685693	6303.629	6254.482	5995.163	6717.563	110	106	107	112	0.325149	54964.93027	13.946	1.01771	1.14026	0.50028	0.60583
7697065	4.3	19452883+4321081	15.101	13.688	15.115	5126	4.56	0.117	0.652	0.067	0.067	0.092	0.053	7697065	7697065	7697065	7697065	3490.518	3435.374	3366.451	3479.964	28	30	25	23	0.27277	54964.74536	15.115	1.13435	2.25548	0.56437	0.77824
7698650	3.2	19471339+4323077	15.195	14.15	15.228	6107	4.643	0.163	0.446	0.064	0.051	0.085	0.058	7698650	7698650	7698650	7698650	3158.648	3170.057	3056.067	3308.204	293	296	290	288	0.599154	54965.21456	15.228	1.05597	2.88366	0.8525	0.98785
7709086	4.2	19564489+4322168	15.752	14.602	15.81	5512	4.951	0.126	0.614	0.166	0.147	0.352	0.057	7709086	7709086	7709086	7709086	1907.465	1679.131	1493.164	1814.893	17	22	21	18	0.409483	54964.83629	15.81	1.03344	0.80925	0.81351	0.13586
7744173	4.1	19135718+4328525	13.63	12.756	13.687	5922	4.347	0.109	0.47	0.034	0.032	0.027	0.021	7744173	7744173	7744173	7744173	7446.551	7510.842	7725.93	7750.443	17	21	23	17	0.398518	54964.74805	13.687	1.01636	0.71597	0.60946	0.72383
7816201	4.3	19185986+4332362	11.941	11.054	12.018	0	0	0	0.02	0.01	0.007	0.02	0.01	7816201	7816201	7816201	7816201	18087.122	17239.621	17881.863	17998.96	87	125	83	122	0.574947	54954.11633	12.018	1.02179	1.94565	0.56233	1.04448
7830460	1	19375958+4335017	12.034	11.301	12.08	7269	3.86	0.159	0.184	0.007	0.013	0.016	0.009	7830460	7830460	7830460	7830460	17504.605	17716.11	17126.187	17699.167	162	164	159	160	3.397683	54957.43313	12.08	0.99371	1.31516	0.34331	0.97258
7835348	4.1	19435481+4334225	15.34	14.253	15.385	5960	4.581	0.166	0.53	0.052	0.078	0.125	0.08	7835348	7835348	7835348	7835348	2606.735	2992.026	2421.485	2840.855	21	20	25	25	0.664101	54965.17093	15.385	1.02877	0.66024	0.61693	0.12076
7839027	4.1	19480446+4331479	13.788	13.01	13.842	7500	3.752	0.266	0.216	0.096	0.077	0.102	0.092	7839027	7839027	7839027	7839027	6886.692	7006.819	6751.672	6919.739	284	281	280	283	0.720681	54964.81999	13.842	1.10009	2.10776	0.92327	0.11368
7871200	4.2	18505237+4340120	12.783	11.548	12.799	4644	4.534	0.034	0.847	0.019	0.011	0.017	0.016	7871200	7871200	7871200	7871200	11022.313	11833.999	11618.818	11372.758	170	166	166	170	0.242908	54953.67369	12.799	1.04703	1.87267	1.00146	0.6532
7877062	4.1	19033572+4336124	13.766	12.843	13.827	5484	4.4	0.09	0.592	0.022	0.03	0.041	0.025	7877062	7877062	7877062	7877062	6696.756	6961.241	6781.653	7269.975	5	1	1	5	0.303653	54964.77811	13.827	1.03823	0.77119	0.73032	0.15267
7879404	4.1	19083008+4336041	11.811	9.755	11.835	4291	2.095	0.154	1.137	0.234	0.119	0.125	0.139	7879404	7879404	7879404	7879404	17020.366	17392.763	18445.21	18266.823	189	189	182	185	0.392701	54964.68416	11.835	1.0652	1.1822	0.79509	0.0699
7881722	1	19130561+4341517	13.564	12.983	13.585	7762	3.629	0.187	0.087	0.028	0.025	0.025	0.017	7881722	7881722	7881722	7881722	7907.937	8035.231	8182.529	8217.91	166	167	173	171	0.953232	54954.11186	13.585	1.01762	1.24466	0.28357	1.02431
7889628	1	19251660+4337126	15.02	13.852	15.081	5746	4.505	0.139	0.543	0.058	0.064	0.077	0.068	7889628	7889628	7889628	7889628	3350.062	2754.672	3273.785	3199.618	34	72	38	75	0.342389	54964.7906	15.081	1.01012	1.24029	0.32007	0.98085
7950962	4.1	19133835+4342257	10.629	9.945	10.678	6800	3.964	0.078	0.198	0.078	0.078	0.078	0.076	7950962	7950962	7950962	7950962	33501.591	33616.065	33582.02	33717.734	87	88	94	91	0.826964	54953.82218	10.678	0.95484	0.84713	0.74276	0.02785
7973882	1	19452649+4343098	15.189	13.773	15.208	5314	4.426	0.145	0.626	0.052	0.051	0.068	0.055	7973882	7973882	7973882	7973882	3209.259	3211.992	3142.52	3265.16	72	75	76	72	0.346632	54964.60423	15.208	0.94187	1.95902	0.57607	0.52719
7977261	4.2	19491134+4346376	13.102	12.196	13.146	6146	4.359	0.11	0.392	0.019	0.015	0.019	0.017	7977261	7977261	7977261	7977261	10262.539	10306.267	10244.382	10355.423	174	171	170	173	0.925815	54954.33691	13.146	1.15384	2.24637	0.54312	0.87119
8004839	4.2	18405241+4353240	15.104	13.987	15.129	5660	4.356	0.119	0.537	0.095	0.062	0.083	0.051	8004839	8004839	8004839	8004839	2518.457	2608.918	2751.724	2343.244	79	76	75	81	0.343747	54964.96062	15.129	1.0108	1.53335	0.36549	0.99173
8035743	1	19365144+4352354	14.938	13.727	14.988	5615	4.461	0.141	0.568	0.05	0.079	0.095	0.079	8035743	8035743	8035743	8035743	3408.117	3634.121	3061.226	3598.591	136	139	133	134	0.869718	54965.29795	14.988	0.96869	1.65843	0.30944	1.04857
8039225	1	19411698+4352208	13.165	12.16	13.191	6426	4.056	0.152	0.322	0.011	0.019	0.023	0.015	8039225	8039225	8039225	8039225	9854.329	10095.943	9486.686	10120.781	262	260	265	265	1.794149	54955.65633	13.191	1.02587	3.5914	0.76848	0.57765
8053107	3.2	19554729+4352593	13.653	12.91	13.659	6080	4.226	0.148	0.47	0.043	0.041	0.079	0.031	8053107	8053107	8053107	8053107	7376.826	7142.765	6896.201	7278.737	260	262	255	255	0.388869	54964.71851	13.659	1.00712	1.61998	0.9338	0.78684
8111387	4.1	19452811+4357193	13.138	12.102	13.185	6062	4.317	0.111	0.411	0.014	0.015	0.021	0.013	8111387	8111387	8111387	8111387	10072.766	10097.073	10171.866	10157.042	256	259	260	257	1.273536	54954.29569	13.185	0.94852	1.11229	0.31592	0.96878
8122124	1	19560469+4357272	13.615	12.465	13.638	6250	3.787	0.215	0.43	0.055	0.076	0.096	0.063	8122124	8122124	8122124	8122124	7375.291	7164.681	6775.859	7237.486	333	334	328	328	0.249276	54964.61321	13.638	0.97006	1.49469	0.39829	0.92609
8143757	4.1	18455646+4400347	14.718	13.586	14.761	5847	4.357	0.119	0.466	0.155	0.059	0.062	0.092	8143757	8143757	8143757	8143757	3176.656	3590.493	3705.258	3531.568	71	72	66	65	0.35652	54964.83994	14.761	1.02979	0.82798	0.81839	0.16388
8177958	1	19432632+4404166	11.895	11.175	11.953	6681	4.363	0.086	0.232	0.008	0.008	0.01	0.007	8177958	8177958	8177958	8177958	18823.93	18808.617	18907.448	19008.829	53	55	51	48	1.235292	54954.77641	11.953	0.95415	1.68641	0.34054	1.00822
8190491	4.3	19562155+4404014	14.232	13.141	14.25	5972	4.474	0.139	0.414	0.041	0.04	0.091	0.038	8190491	8190491	8190491	8190491	5286.668	5069.466	4723.467	5189.704	419	421	414	414	0.777902	54965.1998	14.25	1.20532	2.56138	0.47056	1.06523
8190613	4.2	19562919+4402151	15.091	13.644	15.126	5384	4.364	0.159	0.639	0.092	0.097	0.203	0.115	8190613	8190613	8190613	8190613	3064.797	2902.148	2569.155	2852.988	426	427	420	421	0.332592	54964.80051	15.126	1.01987	0.809	0.68963	0.76234
8192840	1	19584987+4402196	13.441	12.462	13.466	6136	4.313	0.132	0.405	0.068	0.073	0.091	0.062	8192840	8192840	8192840	8192840	7860.991	7735.258	7401.508	7828.435	254	252	259	260	0.43356	54965.01259	13.466	1.00797	1.03616	0.42362	0.87115
8241252	4.1	19382222+4411352	14.842	13.826	14.876	5932	4.463	0.152	0.505	0.049	0.05	0.068	0.05	8241252	8241252	8241252	8241252	3700.723	3939.603	3474.664	3932.734	84	79	79	84	0.354042	54964.64932	14.876	1.04316	1.05185	0.86726	0.17124
8242493	4.3	19395310+4410588	14.634	13.32	14.697	4985	4.259	0.119	0.837	0.049	0.071	0.071	0.046	8242493	8242493	8242493	8242493	4213.307	4315.421	3841.155	4304.417	215	210	210	215	0.283284	54964.62367	14.697	1.18953	3.7487	0.94086	0.62243
8257903	4.2	19563588+4407058	13.482	12.423	13.521	5930	4.191	0.138	0.482	0.021	0.029	0.066	0.033	8257903	8257903	8257903	8257903	7929.248	7829.631	7440.176	7807.737	467	462	462	466	0.515063	54965.05956	13.521	1.01043	1.42983	0.97825	0.6035
8263940	1	20031977+4410348	13.409	12.635	13.458	7639	3.89	0.267	0.194	0.032	0.122	0.203	0.036	8263940	8263940	8263940	8263940	7253.845	6690.614	6551.265	7358.081	191	196	194	192	0.51549	54965.13315	13.458	1.02844	1.12583	0.39251	0.91425
8265951	4.2	20052368+4411165	12.676	11.573	12.734	7044	3.871	0.202	0.233	0.019	0.018	0.046	0.026	8265951	8265951	8265951	8265951	11037.434	10318.981	10819.979	10879.197	55	60	58	56	0.779974	54954.23743	12.734	1.08591	1.31209	0.87995	0.39937
8309175	4.2	19403746+4414069	15.267	13.951	15.28	5473	4.381	0.157	0.6	0.053	0.071	0.084	0.066	8309175	8309175	8309175	8309175	2839.952	3061.369	2509.097	3102.552	192	190	195	195	0.299594	54964.74963	15.28	1.0766	1.00485	0.51291	0.8328
8311255	4.3	19431626+4412221	13.608	12.523	13.666	0	0	0	0.409	0.023	0.02	0.033	0.019	8311255	8311255	8311255	8311255	7839.413	7801.722	7763.945	7929.418	90	92	87	84	0.579123	54964.75993	13.666	1.4506	3.17722	0.92108	0.64674
8330092	1	20033492+4414500	13.415	12.502	13.484	6902	4.119	0.195	0.277	0.038	0.041	0.082	0.039	8330092	8330092	8330092	8330092	7323.858	6784.125	7124.078	7262.364	230	236	234	232	0.321724	54964.94193	13.484	1.02753	1.24152	0.47302	0.71912
8382182	1	19490121+4422360	8.237	8.122	8.183	9207	4.249	0.049	-0.215	0.058	0.055	0.087	0.074	8382182	8382182	8382182	8382182	109813.885	108475.279	110136.543	110030.112	28	30	31	35	1.258819	54965.47697	8.183	0.97276	1.96157	0.41525	0.96439
8394040	4.3	20011100+4420579	14.425	13.271	14.457	5697	4.306	0.157	0.546	0.039	0.036	0.12	0.06	8394040	8394040	8394040	8394040	4264.644	3840.954	4000.582	4180.586	135	134	129	127	0.302131	54964.87717	14.457	1.10439	2.50622	0.6045	0.92611
8431389	4.1	19281223+4428255	14.548	13.384	14.592	5654	4.432	0.126	0.532	0.044	0.04	0.05	0.056	8431389	8431389	8431389	8431389	4423.946	4528.154	3871.485	4338.162	318	357	322	359	0.3511	54964.94759	14.592	1.0744	0.75343	0.72324	0.05113
8452840	1	19545099+4429042	12.574	11.489	12.594	6473	3.077	0.266	0.428	0.026	0.023	0.039	0.025	8452840	8452840	8452840	8452840	13169.151	13018.253	12736.1	13064.008	42	37	37	41	1.201347	54954.15848	12.594	0.96528	1.53839	0.31451	1.02764
8539850	4.2	18481764+4441126	13.882	13.269	13.924	7238	3.857	0.144	0.17	0.047	0.028	0.053	0.037	8539850	8539850	8539850	8539850	5850.732	6199.133	6298.685	6179.48	267	267	272	273	0.642105	54964.74586	13.924	0.98924	0.7284	0.54211	0.97633
8545456	4.1	19002273+4439585	11.714	11.191	11.724	7855	3.874	0.131	0.04	0.008	0.006	0.011	0.01	8545456	8545456	8545456	8545456	21068.049	21135.171	21077.894	20979.64	230	228	233	235	0.315205	54953.66658	11.724	1.02405	1.02929	0.53082	0.353
8548416	4.3	19070925+4437104	13.279	12.825	13.34	0	0	0	0.486	0.043	0.013	0.021	0.023	8548416	8548416	8548416	8548416	8607.289	9383.794	9009.97	9254.96	10	15	15	10	1.163771	54954.92942	13.34	1.07955	1.28731	0.32844	0.99548
8555573	4.2	19203765+4437567	14.495	13.308	14.534	5564	4.305	0.128	0.572	0.055	0.044	0.092	0.052	8555573	8555573	8555573	8555573	3940.811	4545.143	4427.21	4525.441	168	207	172	209	0.326365	54964.83015	14.534	1.08525	1.69721	0.53874	0.89383
8563964	1	19333746+4437197	12.885	11.76	12.942	0	0	0	0.482	0.016	0.017	0.031	0.02	8563964	8563964	8563964	8563964	11493.436	11573.804	11149.774	11277.335	33	30	26	26	0.338435	54953.84648	12.942	0.96044	1.60155	0.35737	0.99472
8579707	4.1	19524956+4439526	11.472	10.537	11.544	6244	4.289	0.069	0.34	0.007	0.008	0.015	0.008	8579707	8579707	8579707	8579707	22403.578	22229.572	21820.24	22469.135	159	161	154	155	0.788575	54953.85171	11.544	0.97211	3.61002	0.82888	0.44543
8587792	4.2	20010785+4440131	11.765	10.728	11.817	5731	4.511	0.05	0.451	0.018	0.016	0.025	0.012	8587792	8587792	8587792	8587792	18548.72	17981.54	18488.69	18518.676	252	252	248	246	0.368173	54953.65853	11.817	1.01349	1.88447	0.97969	0.6518
8590274	4.1	20034859+4438315	15.014	13.522	15.018	5056	4.318	0.144	0.687	0.04	0.08	0.152	0.073	8590274	8590274	8590274	8590274	2975.572	2469.434	2702.982	2836.01	390	391	394	397	0.551969	54965.21475	15.018	1.48743	0.68648	0.61804	0.03554
8652599	4.1	20011170+4445265	13.387	12.071	13.435	0	0	0	0.554	0.041	0.036	0.075	0.047	8652599	8652599	8652599	8652599	7782.809	7269.116	7590.15	7668.776	282	277	278	281	1.360982	54955.14386	13.435	1.06422	4.08908	0.92742	0.22348
8690104	3.2	19283786+4452243	14.815	13.766	14.871	5868	4.724	0.116	0.506	0.055	0.053	0.079	0.097	8690104	8690104	8690104	8690104	3716.205	3818.897	3197.732	3646.05	68	107	72	109	0.408768	54964.83484	14.871	0.99576	1.59079	0.97722	0.57678
8696274	3.2	19375831+4449559	14.046	12.973	14.099	0	0	0	0.482	0.044	0.06	0.135	0.099	8696274	8696274	8696274	8696274	5747.792	6085.921	5610.127	5729.547	60	65	65	60	0.391482	54964.69358	14.099	1.04016	3.99299	0.76546	1.00968
8703528	4.1	19471883+4448075	12.952	11.619	13.034	5285	3.703	0.136	0.741	0.028	0.026	0.04	0.022	8703528	8703528	8703528	8703528	10796.312	10876.143	10821.353	10909.893	98	97	101	104	0.399873	54953.97044	13.034	1.0305	0.97602	0.90313	0.18883
8715667	4.1	20000654+4449049	13.393	12.221	13.41	5527	3.734	0.174	0.609	0.03	0.032	0.063	0.026	8715667	8715667	8715667	8715667	8046.633	7440.904	7797.921	7944.894	156	151	151	155	0.405704	54964.91578	13.41	1.02526	0.78063	0.74078	0.21828
8800998	1	18530597+4505022	13.74	13.291	13.721	8616	3.837	0.152	-0.076	0.024	0.028	0.036	0.019	8800998	8800998	8800998	8800998	7336.966	7538.947	7399.064	7428.246	96	98	93	91	0.882782	54965.52038	13.721	1.02232	1.07163	0.3151	0.9301
8823666	4.2	19345017+4500379	12.578	11.678	12.638	5959	4.44	0.077	0.434	0.024	0.032	0.036	0.038	8823666	8823666	8823666	8823666	13286.036	13418.787	13017.854	13141.75	381	378	373	374	0.43245	54953.89244	12.638	1.02365	1.09068	0.87184	0.24941
8872737	4.2	19053850+4506233	15.678	14.403	15.748	5338	4.754	0.11	0.667	0.088	0.054	0.096	0.09	8872737	8872737	8872737	8872737	1876.186	2241.632	2042.616	2294.999	415	416	418	420	0.459097	54964.79336	15.748	1.00022	1.57875	0.6221	1.01478
8904448	4.1	19513156+4507348	13.84	13.045	13.879	7820	3.62	0.281	0.158	0.022	0.028	0.063	0.028	8904448	8904448	8904448	8904448	6696.981	6302.971	5805.086	6672.109	170	172	165	166	0.865968	54965.05804	13.879	1.35707	0.78196	0.69541	0.04435
8957887	4.2	19343856+4515152	15.397	14.185	15.43	5367	4.408	0.147	0.683	0.105	0.087	0.194	0.127	8957887	8957887	8957887	8957887	2798.901	2852.691	2469.516	2613.233	438	433	433	437	0.347344	54964.88632	15.43	1.1238	2.02442	0.57606	1.09542
8982514	4.2	20012483+4516248	13.128	12.102	13.226	5635	4.352	0.095	0.555	0.029	0.028	0.057	0.022	8982514	8982514	8982514	8982514	8870.764	8030.453	8280.963	8152.969	118	124	122	119	0.414488	54953.92998	13.226	1.00232	1.32096	0.88904	0.78827
9002076	3.2	18522087+4523253	12.194	11.352	12.256	6434	4.299	0.08	0.3	0.012	0.016	0.022	0.018	9002076	9002076	9002076	9002076	15849.46	15941.539	15858.335	15826.303	173	175	170	168	0.481411	54953.9895	12.256	0.97088	1.49749	0.31663	1.01444
9020289	3.2	19245409+4519320	14.692	13.702	14.741	5997	4.77	0.111	0.439	0.051	0.099	0.056	0.055	9020289	9020289	9020289	9020289	3956.489	3968.938	4104.042	3525.982	352	391	357	393	0.384029	54964.85946	14.741	1.04834	3.96313	0.69006	1.00632
9026766	4.3	19341881+4518354	14.937	13.532	14.998	4880	4.703	0.08	0.775	0.06	0.11	0.232	0.208	9026766	9026766	9026766	9026766	3626.487	3641.552	3191.911	3343.32	368	363	363	367	0.272123	54964.84921	14.998	1.0105	2.09477	0.98113	0.57554
9030509	3.3	19391444+4523360	14.436	13.05	14.48	5172	4.386	0.108	0.661	0.021	0.034	0.043	0.043	9030509	9030509	9030509	9030509	4650.556	5061.327	4387.264	4723.008	60	60	56	55	0.401816	54964.96012	14.48	1.02514	4.96875	0.91901	1.08539
9030817	1	19394154+4519372	13.742	12.84	13.81	6266	4.521	0.117	0.375	0.024	0.018	0.047	0.048	9030817	9030817	9030817	9030817	6922.587	7331.798	6526.31	6959.019	92	92	88	87	2.026005	54966.3623	13.81	0.95412	1.53311	0.32528	1.01514
9032671	1	19420240+4518447	12.938	11.438	12.982	4807	3.889	0.09	0.799	0.009	0.01	0.015	0.02	9032671	9032671	9032671	9032671	10942.676	11397.156	10629.296	11035.296	113	117	117	113	0.249601	54953.79995	12.982	1.03022	1.68082	0.40666	0.9073
9051723	1	20012447+4518256	15.241	13.807	15.292	5213	4.298	0.164	0.759	0.052	0.084	0.164	0.07	9051723	9051723	9051723	9051723	2614.9	2109.011	2123.901	2033.887	146	152	150	147	0.403439	54964.70016	15.292	0.99714	1.48055	0.38501	0.9401
9071104	4.2	18515664+4524288	13.58	12.641	13.651	5959	4.47	0.091	0.434	0.016	0.024	0.034	0.025	9071104	9071104	9071104	9071104	7676.547	7770.351	7648.716	7679.979	133	135	130	128	0.385217	54964.76376	13.651	1.0678	1.00996	0.82876	0.18487
9071373	4.2	18523817+4524564	13.018	11.96	13.069	0	0	0	0.722	0.011	0.015	0.022	0.015	9071373	9071373	9071373	9071373	10455.782	10622.903	10403.155	10499.881	212	209	209	212	0.421733	54953.9967	13.069	1.48673	0.89566	0.5874	0.8324
9087918	3.2	19255613+4525018	14.431	13.287	14.486	5675	4.59	0.107	0.534	0.046	0.051	0.072	0.037	9087918	9087918	9087918	9087918	4638.825	4670.999	4724.849	4143.168	169	208	173	211	0.445619	54964.86236	14.486	1.00394	1.28396	0.94488	0.41514
9094335	4.2	19352239+4529281	15.322	14.134	15.36	5530	4.481	0.146	0.622	0.128	0.137	0.217	0.119	9094335	9094335	9094335	9094335	2922	2959.121	2594.219	2830.493	313	308	308	313	0.340748	54964.69514	15.36	1.01918	0.98526	0.48304	0.83346
9097798	4.2	19394202+4528516	14.539	13.382	14.581	5592	4.396	0.131	0.562	0.031	0.031	0.06	0.038	9097798	9097798	9097798	9097798	4533.088	4823.892	4094.339	4531.019	163	163	159	158	0.334065	54964.71897	14.581	1.00852	1.24591	0.45056	0.87439
9108579	1	19513597+4527596	11.501	10.625	11.56	6386	3.85	0.112	0.31	0.006	0.007	0.013	0.006	9108579	9108579	9108579	9108579	22377.733	22089.73	21717.804	22494.089	113	108	108	112	1.169653	54955.0016	11.56	1.04738	1.4508	0.3356	0.99179
9110213	4.2	19531432+4525090	15.946	14.335	15.986	4400	4.861	0.067	0.952	0.073	0.209	0.302	0.123	9110213	9110213	9110213	9110213	1688.267	1410.575	1227.451	1720.867	274	268	268	273	0.337079	54964.65234	15.986	1.09285	2.0865	0.826	0.1589
9114111	4.2	19574091+4525284	14.744	13.317	14.792	5051	4.444	0.113	0.723	0.144	0.103	0.184	0.125	9114111	9114111	9114111	9114111	3569.717	3028.338	3145.909	3046.315	66	65	61	60	0.381259	54964.93127	14.792	1.01479	1.40945	0.44925	0.80848
9145707	4.3	19105939+4531049	14.705	13.353	14.75	5399	4.308	0.121	0.601	0.034	0.038	0.062	0.046	9145707	9145707	9145707	9145707	3903.064	4325.416	4009.726	4008.477	68	69	63	64	0.320775	54964.76662	14.75	1.14362	3.23753	0.98686	0.93565
9179806	4.2	19595805+4531148	15.164	13.699	15.173	5189	4.343	0.152	0.679	0.099	0.121	0.197	0.124	9179806	9179806	9179806	9179806	2884.429	2193.62	2317.254	2337.799	421	426	425	422	0.280968	54964.80901	15.173	1.12248	0.71524	0.69879	0.17795
9205351	4.3	19013268+4540025	15.228	13.913	15.304	5046	4.503	0.103	0.797	0.199	0.272	0.151	0.21	9205351	9205351	9205351	9205351	2839.209	2851.706	2888.347	2958.629	205	210	210	205	0.364691	54964.71267	15.304	1.06218	1.56049	0.66192	0.29029
9228778	1	19430648+4540247	11.971	10.945	12.038	0	0	0	0.314	0.008	0.007	0.011	0.012	9228778	9228778	9228778	9228778	17732.059	18232.04	17568.868	17856.818	303	303	307	308	1.566562	54954.09	12.038	0.99048	1.12756	0.40167	0.85251
9237755	4.3	19533140+4537396	14.149	12.852	14.219	5176	4.537	0.089	0.678	0.048	0.053	0.087	0.036	9237755	9237755	9237755	9237755	5364.683	4878.808	4543.809	5440.467	127	122	122	126	0.33167	54964.78119	14.219	1.66326	4.80798	0.74768	1.07706
9245929	4.2	20025780+4537402	15.477	14.002	15.538	5093	4.552	0.135	0.739	0.096	0.096	0.189	0.063	9245929	9245929	9245929	9245929	2215.054	1625.113	1761.913	1653.555	123	125	127	130	0.308355	54964.74413	15.538	1.12427	1.51587	0.49293	0.91251
9268105	3.2	19011045+4547587	13.533	12.528	13.604	6046	4.425	0.097	0.416	0.02	0.016	0.027	0.016	9268105	9268105	9268105	9268105	8068.013	8168.927	8063.345	8193.544	335	341	340	336	0.425706	54964.79437	13.604	1.02461	2.82125	0.9168	0.43293
9272276	4.2	19105945+4543171	13.134	11.913	13.16	5560	4.294	0.084	0.5	0.013	0.012	0.027	0.026	9272276	9272276	9272276	9272276	9786.272	10294.907	9996.143	9976.178	174	175	169	169	0.28062	54953.84005	13.16	1.02289	1.84855	0.86212	0.44152
9274472	4.2	19155869+4546448	13.836	12.582	13.919	5112	4.404	0.08	0.706	0.023	0.021	0.034	0.029	9274472	9274472	9274472	9274472	6261.27	6882.335	6586.911	6531.111	26	31	29	24	0.302093	54964.72302	13.919	1.18804	1.95704	0.7011	0.99188
9283826	3.2	19321086+4544089	13.001	11.951	13.092	5674	4.728	0.06	0.511	0.016	0.017	0.035	0.021	9283826	9283826	9283826	9283826	10651.812	10470.191	10252.658	9993.193	134	139	139	135	0.356528	54953.79509	13.092	1.02436	0.81105	0.8039	0.23463
9290838	4.1	19423603+4547021	15.453	14.196	15.498	5395	4.784	0.117	0.616	0.084	0.066	0.071	0.093	9290838	9290838	9290838	9290838	2345.737	2639.752	2296.952	2547.792	324	325	329	330	0.363038	54964.74778	15.498	0.91854	0.39734	0.40746	-0.08759
9345163	4.3	19314645+4549346	15.412	13.823	15.458	4799	4.523	0.103	0.804	0.045	0.07	0.111	0.068	9345163	9345163	9345163	9345163	2774.254	2585.999	2553.299	2362.05	238	243	243	239	0.245123	54964.7566	15.458	0.93597	5.14513	1.09326	0.07365
9350889	4.3	19402202+4550341	13.523	12.821	13.572	6725	4.203	0.156	0.303	0.02	0.02	0.027	0.028	9350889	9350889	9350889	9350889	7937.666	8347.496	7650.647	8083.508	417	417	413	412	0.725954	54954.24146	13.572	1.07187	3.23893	0.74247	1.09707
9353234	1	19433028+4551181	13.725	13.271	13.725	8595	4.212	0.218	0	0.022	0.022	0.028	0.03	9353234	9353234	9353234	9353234	7219.856	7654.669	7034.904	7426.329	168	168	172	173	1.486518	54965.43684	13.725	0.96675	1.48091	0.31158	1.02379
9365025	1	19572829+4553023	11.885	11.303	11.902	8012	3.649	0.219	0.068	0.009	0.009	0.02	0.007	9365025	9365025	9365025	9365025	18412.347	17503.441	17757.872	17651.798	205	200	201	204	0.984269	54954.46939	11.902	0.96093	1.57333	0.32233	1.0236
9388304	4.1	18543025+4555217	15.906	14.602	15.969	5221	4.892	0.096	0.685	0.259	0.379	0.419	0.53	9388304	9388304	9388304	9388304	1559.044	1748.633	1638.876	1603.679	35	31	30	34	0.266706	54964.66489	15.969	1.04086	0.86183	0.76111	0.07345
9389122	4.1	18562000+4556486	14.213	12.976	14.313	5400	4.446	0.092	0.638	0.022	0.023	0.034	0.023	9389122	9389122	9389122	9389122	5448.388	5572.571	5486.589	5501.504	41	39	44	46	0.34995	54964.90797	14.313	1.04411	1.06949	0.91785	0.2132
9392682	3.2	19041370+4556578	11.466	10.721	11.498	7195	3.771	0.12	0.128	0.005	0.005	0.006	0.005	9392682	9392682	9392682	9392682	23500.727	23643.594	23603.755	23608.054	145	146	149	150	0.892942	54954.62186	11.498	1.05971	2.17433	0.87723	0.32203
9402649	1	19250659+4554486	11.01	10.023	11.06	6136	4.154	0.06	0.337	0.029	0.021	0.017	0.009	9402649	9402649	9402649	9402649	28530.624	28654.171	28782.652	28164.109	37	75	40	78	0.321803	54953.68219	11.06	0.95487	1.7317	0.34025	1.01627
9410906	4.1	19380130+4556452	14.619	13.403	14.647	5659	4.396	0.135	0.511	0.035	0.023	0.049	0.055	9410906	9410906	9410906	9410906	4171.034	4538.03	3945.789	4315.747	144	144	141	139	0.241808	54964.7156	14.647	0.98343	1.92792	0.36416	1.03992
9414905	4.2	19435140+4558509	13.59	12.55	13.634	5792	4.336	0.112	0.509	0.02	0.019	0.028	0.023	9414905	9414905	9414905	9414905	7611.066	8000.569	7380.378	7875.995	64	64	68	69	0.456518	54964.70947	13.634	1.00779	1.13165	0.42368	0.8172
9451598	4.2	19002859+4603021	13.567	12.615	13.627	6060	4.558	0.089	0.407	0.022	0.017	0.026	0.023	9451598	9451598	9451598	9451598	8000.431	8029.738	7971.739	8091.602	456	456	452	452	0.362354	54964.81104	13.627	0.98637	0.86807	0.44231	0.81747
9453192	3.2	19040140+4602561	13.949	13.119	14.022	6729	4.206	0.139	0.293	0.023	0.03	0.033	0.023	9453192	9453192	9453192	9453192	6319.362	6449.87	6452.625	6497.779	118	119	123	123	0.71882	54964.89137	14.022	1.12848	2.08431	0.88055	0.67431
9466316	4.2	19294286+4602011	15.634	14.333	15.702	5223	4.816	0.107	0.68	0.064	0.077	0.131	0.059	9466316	9466316	9466316	9466316	2431.46	2265.486	2174.305	2024.499	167	166	161	163	0.352505	54964.90513	15.702	0.98984	1.29473	0.36158	0.93379
9470175	4.2	19354645+4600166	15.295	14.295	15.347	5438	4.506	0.137	0.67	0.048	0.036	0.097	0.067	9470175	9470175	9470175	9470175	2995.913	2847.251	2746.235	2624.132	52	56	57	52	0.303827	54964.84388	15.347	1.04384	1.74242	0.98213	0.70031
9475663	4.1	19432676+4605511	12.47	11.875	12.494	7790	3.955	0.179	0.095	0.024	0.024	0.035	0.039	9475663	9475663	9475663	9475663	14016.213	14455.391	13683.823	14152.32	69	69	73	74	0.708038	54953.84303	12.494	0.96255	5.0594	1.06516	-0.07712
9508052	4.2	18472336+4607247	15.87	14.433	15.923	5004	4.624	0.102	0.72	0.101	0.101	0.199	0.091	9508052	9508052	9508052	9508052	1792.478	1851.407	1737.934	1753.046	14	15	9	9	0.28	54964.64984	15.923	1.05445	1.46773	0.61728	1.00909
9519590	3.2	19145173+4610024	13.874	12.891	13.916	5961	4.569	0.097	0.42	0.025	0.021	0.032	0.03	9519590	9519590	9519590	9519590	6328.526	6905.147	6671.325	6601.579	193	192	197	197	0.330911	54964.67291	13.916	1.00905	0.75524	0.48903	0.69395
9637239	4.2	19025600+4622415	13.004	12.41	13.046	7237	4.023	0.138	0.169	0.015	0.013	0.017	0.012	9637239	9637239	9637239	9637239	10860.331	10970.014	10886.481	10982.811	79	80	83	83	0.773014	54954.06316	13.046	1.04031	0.70698	0.51772	0.93194
9639491	4.2	19082694+4622507	13.855	12.178	13.885	4833	3.544	0.133	0.799	0.02	0.018	0.035	0.022	9639491	9639491	9639491	9639491	6993.865	6921.011	6922.021	6810.331	47	52	51	48	0.344546	54964.92742	13.885	1.04741	2.58581	0.94636	0.08072
9642041	1	19142652+4619455	13.402	12.577	13.472	6678	4.192	0.133	0.281	0.019	0.015	0.021	0.028	9642041	9642041	9642041	9642041	8175.007	8762.635	8605.259	8433.504	164	163	168	168	0.430046	54953.8368	13.472	0.99283	0.93515	0.45795	0.88146
9649493	3.2	19275031+4618327	12.808	11.791	12.855	5964	4.325	0.089	0.424	0.01	0.011	0.025	0.011	9649493	9649493	9649493	9649493	12057.6	11762.361	11684.637	11551.66	48	47	43	44	0.37157	54953.79556	12.855	1.02965	3.35488	0.84957	0.70341
9700154	4.3	19072514+4624297	15.438	13.721	15.495	4315	4.605	0.062	1.036	0.059	0.038	0.092	0.065	9700154	9700154	9700154	9700154	2719.142	2663.459	2617.957	2651.702	77	78	73	74	0.25725	54964.79067	15.495	1.32458	5.37655	0.83111	1.11512
9722737	4.2	19463081+4625285	14.902	13.981	14.929	6517	4.555	0.169	0.355	0.047	0.055	0.109	0.072	9722737	9722737	9722737	9722737	3798.618	3844.168	3551.019	3770.756	28	28	25	24	0.418522	54964.97627	14.929	1.06105	1.80754	0.83039	0.24528
9786798	4.2	19505247+4635514	15.217	14.218	15.274	5983	4.747	0.142	0.523	0.049	0.047	0.11	0.08	9786798	9786798	9786798	9786798	2990.461	3072.39	2784.336	2969.54	322	321	324	325	0.445473	54964.91541	15.274	1.0042	1.18376	0.97249	0.30642
9838047	4.1	19383851+4641267	13.445	12.417	13.492	5574	4.538	0.081	0.536	0.017	0.015	0.031	0.019	9838047	9838047	9838047	9838047	8610.275	8716.241	8463.601	8560.063	361	365	364	361	0.436163	54953.71064	13.492	1.02039	0.6494	0.64673	0.02417
9882280	4.2	19105351+4647462	14.466	13.143	14.516	5343	4.586	0.09	0.6	0.028	0.035	0.04	0.047	9882280	9882280	9882280	9882280	4843.418	4796.96	4984.176	4725.812	134	139	139	135	0.289079	54964.87171	14.516	0.99686	1.45313	0.97447	0.51011
9897710	1	19381825+4644055	15.218	14.083	15.276	5610	4.725	0.122	0.601	0.047	0.085	0.085	0.092	9897710	9897710	9897710	9897710	3019.865	3036.568	2995.559	3014.54	422	426	426	422	0.425544	54964.67697	15.276	1.01923	2.42107	0.56953	0.67524
9934052	3.2	18494333+4648255	13.759	12.73	13.801	5946	4.405	0.097	0.41	0.03	0.031	0.049	0.036	9934052	9934052	9934052	9934052	6813.746	6899.016	6917.759	6752.537	389	385	384	389	0.352244	54964.72109	13.801	0.93936	0.60301	0.53721	0.22419
9947924	4.2	19213378+4648428	13.493	12.442	13.581	5981	4.427	0.1	0.443	0.063	0.044	0.042	0.053	9947924	9947924	9947924	9947924	7895.954	8094.779	8204.503	7887.512	100	100	105	104	0.362812	54953.727	13.581	1.05143	1.06152	0.94122	0.08142
9956124	3.2	19353480+4650336	12.772	11.912	12.845	6546	4.257	0.114	0.29	0.049	0.034	0.066	0.05	9956124	9956124	9956124	9956124	11764.815	11812.388	11599.827	11917.253	227	227	223	222	0.362683	54964.89407	12.845	0.97622	1.19819	0.32971	0.95985
9957411	3.2	19373081+4649138	15.071	14.019	15.11	5983	4.418	0.16	0.477	0.065	0.062	0.107	0.07	9957411	9957411	9957411	9957411	3347.668	3531.357	3195.126	3379.413	475	475	471	470	0.374701	54964.70557	15.11	1.04159	2.57262	0.84336	0.63869
9991887	4.2	18453028+4659153	15.137	13.967	15.216	5198	4.452	0.102	0.709	0.066	0.084	0.082	0.061	9991887	9991887	9991887	9991887	2699	2652.394	2721.465	2727.493	73	74	76	70	0.32241	54964.74243	15.216	1.13883	1.08585	0.62924	0.93047
9994475	4.2	18515965+4655505	14.228	13.326	14.3	5646	4.337	0.105	0.536	0.031	0.028	0.057	0.04	9994475	9994475	9994475	9994475	5222.634	5313.933	5295.87	5226.717	67	66	71	71	0.318399	54964.73303	14.3	1.03606	0.9933	0.90595	0.15818
9995660	4.2	18545528+4654421	14.806	13.558	14.875	5560	4.401	0.113	0.566	0.066	0.071	0.075	0.07	9995660	9995660	9995660	9995660	3694.031	3764.486	3781.811	3706.768	205	210	210	205	0.418618	54964.926	14.875	1.03509	0.78303	0.80924	0.0672
9995981	4.3	18554051+4658573	15.551	14.195	15.585	5328	4.595	0.111	0.601	0.101	0.089	0.101	0.065	9995981	9995981	9995981	9995981	2303.797	2394.3	2362.715	2318.227	184	189	190	185	0.293266	54964.84624	15.585	1.30734	5.16937	0.78054	1.0965
10007533	4.3	19202388+4659138	13.807	13.016	13.875	6808	4.192	0.15	0.273	0.033	0.017	0.034	0.03	10007533	10007533	10007533	10007533	6878.68	7028.07	7081.437	6766.724	164	164	169	168	0.648035	54965.04033	13.875	1.12158	3.38905	0.77554	1.05421
10032935	4.2	19563373+4659573	14.592	13.535	14.638	5806	4.427	0.146	0.534	0.058	0.044	0.06	0.074	10032935	10032935	10032935	10032935	3718.534	3705.652	3563.91	4029.924	383	387	387	383	0.320512	54964.67172	14.638	1.05921	1.54777	0.73586	0.25415
10128961	4.2	19061908+4707530	15.516	14.211	15.552	5365	4.531	0.12	0.594	0.066	0.078	0.107	0.083	10128961	10128961	10128961	10128961	2604.601	2475.737	2602.032	2531.709	230	225	226	229	0.347735	54964.92428	15.552	1.10068	1.02124	0.79767	0.56451
10154189	4.2	19454570+4706517	13.615	12.733	13.683	6169	4.737	0.091	0.415	0.022	0.02	0.033	0.025	10154189	10154189	10154189	10154189	7764.415	7605.821	7572.799	7762.057	153	157	156	153	0.411241	54964.71173	13.683	1.00839	1.26894	0.8479	0.44446
10226388	4.1	19523572+4716379	10.755	10.14	10.772	0	0	0	0.266	0.008	0.009	0.013	0.011	10226388	10226388	10226388	10226388	32084.594	32003.763	31689.425	32312.842	119	121	116	115	0.660675	54954.11884	10.772	1.05114	1.03136	0.82203	0.12313
10255110	4.1	18495972+4719509	13.452	12.564	13.488	6213	4.408	0.096	0.356	0.022	0.021	0.038	0.025	10255110	10255110	10255110	10255110	8117.566	8187.44	8190.128	8127.943	47	43	42	47	0.336705	54953.62294	13.488	1.02909	0.60076	0.63623	0.20523
10275197	3.2	19291797+4723563	12.839	11.92	12.896	6440	4.096	0.124	0.316	0.013	0.01	0.02	0.011	10275197	10275197	10275197	10275197	11753.305	11541.751	11836.387	11196.123	129	132	134	129	0.390851	54953.70503	12.896	1.02331	1.68877	0.89836	0.31643
10280990	4.3	19380551+4722069	14.257	13.039	14.318	5523	4.297	0.124	0.605	0.028	0.032	0.041	0.025	10280990	10280990	10280990	10280990	5369.017	5463.325	5420.066	5500.669	163	159	159	163	0.384498	54964.91816	14.318	0.88931	6.14228	1.08947	-0.09547
10292413	3.2	19522956+4719307	13.14	13.15	13.194	0	0	0	0.466	0.026	0.017	0.031	0.039	10292413	10292413	10292413	10292413	9248.316	9178.04	8929.375	9519.194	127	129	124	123	0.559165	54954.20012	13.194	1.02192	2.87356	0.70652	0.94307
10322296	4.1	18533396+4726113	12.655	11.677	12.719	0	0	0	0.453	0.027	0.028	0.027	0.024	10322296	10322296	10322296	10322296	12383.535	12316.067	12306.19	12261.979	313	309	308	312	0.315033	54964.77702	12.719	1.13371	0.72927	0.70756	0.04657
10322582	4.1	18540992+4729062	14.749	13.503	14.795	5806	4.341	0.12	0.484	0.066	0.069	0.076	0.049	10322582	10322582	10322582	10322582	3881.829	3875.149	3814.057	3920.868	336	331	331	336	0.291275	54964.55273	14.795	1.00968	4.44277	0.90329	1.09367
10355671	4.3	19500138+4728242	13.557	12.228	13.599	5224	4.448	0.079	0.6	0.029	0.025	0.036	0.041	10355671	10355671	10355671	10355671	7906.306	7707.004	7750.298	7815.845	65	65	67	68	0.303642	54953.64023	13.599	1.06604	1.53666	0.35362	1.01923
10357852	4.2	19522681+4729280	13.025	12.048	13.062	6327	4.23	0.125	0.337	0.016	0.015	0.024	0.022	10357852	10357852	10357852	10357852	10000.05	9894.134	9624.068	10266.405	29	26	25	28	0.488375	54954.07022	13.062	1.01205	1.67633	0.42232	0.78659
10395202	4.2	19100134+4733422	14.645	13.417	14.705	5260	4.405	0.104	0.664	0.047	0.043	0.066	0.055	10395202	10395202	10395202	10395202	4312.786	4269.674	4320.364	4216.841	87	87	91	90	0.305947	54964.64199	14.705	1.09172	1.06266	0.81848	0.29782
10395609	3.2	19105516+4735505	14.468	13.337	14.52	6160	4.238	0.139	0.407	0.027	0.027	0.039	0.029	10395609	10395609	10395609	10395609	4797.157	4609.063	4858.042	4336.127	41	41	37	38	0.364266	54964.75996	14.52	1.04071	1.70935	0.83897	0.96587
10447902	4.1	18415446+4739181	14.861	13.759	14.918	5578	4.5	0.102	0.57	0.078	0.116	0.114	0.09	10447902	10447902	10447902	10447902	3148.259	2910.75	3055.165	3095.726	131	129	128	134	0.337468	54964.63358	14.918	1.08889	0.89799	0.82015	0.07398
10485137	4.2	19482875+4737263	11.804	10.721	11.883	6013	4.325	0.067	0.404	0.011	0.011	0.015	0.01	10485137	10485137	10485137	10485137	19136.757	19036.667	19037.531	19121.247	208	207	209	211	0.445277	54954.05914	11.883	1.10998	0.83093	0.91661	0.02499
10528299	4.2	19155771+4744177	13.908	12.907	13.967	6115	4.242	0.126	0.416	0.076	0.054	0.041	0.052	10528299	10528299	10528299	10528299	6345.798	6267.312	6745.791	5975.112	352	352	356	355	0.399796	54964.6303	13.967	0.99522	1.74067	0.96045	0.69914
10557008	4.2	19565289+4743365	14.625	13.272	14.662	5088	4.405	0.112	0.686	0.058	0.039	0.064	0.055	10557008	10557008	10557008	10557008	3602.577	3578.094	3345.516	3921.547	131	130	135	135	0.265417	54964.63635	14.662	1.11147	1.55194	0.92861	0.42619
10618253	4.3	19522995+4748447	12.75	12.012	12.809	6118	4.374	0.093	0.431	0.013	0.011	0.02	0.015	10618253	10618253	10618253	10618253	11740.635	10495.491	11471.51	11718.08	221	225	226	222	0.437417	54964.98507	12.809	1.05811	3.19368	0.77871	1.11355
10680475	3.2	19485311+4756203	14.207	13.003	14.257	6082	4.224	0.158	0.444	0.024	0.029	0.051	0.041	10680475	10680475	10680475	10680475	5424.658	5260.004	5305.093	5485.55	19	19	21	22	0.349832	54964.77663	14.257	1.02473	1.18926	0.92294	0.29847
10711938	3.2	18502740+4801118	12.139	10.814	12.144	0	0	0	0.312	0.011	0.01	0.018	0.01	10711938	10711938	10711938	10711938	15991.394	16085.127	16050.07	16171.945	315	318	318	313	0.357624	54953.87301	12.144	0.94177	0.42415	0.40111	0.1816
10723143	4.2	19140441+4805047	15.435	14.117	15.495	5120	4.412	0.121	0.743	0.097	0.076	0.107	0.146	10723143	10723143	10723143	10723143	2504.951	2398.601	2641.603	2252.044	208	203	203	207	0.307647	54964.83698	15.495	1.08123	1.59717	0.92861	0.48413
10724533	1	19163802+4805496	9.027	8.495	9.038	0	0	0	0.29	0.002	0.003	0.003	0.002	10724533	10724533	10724533	10724533	75302.095	75100.838	75262.654	75071.29	84	83	87	87	0.745082	54954.39021	9.038	1.28309	2.3928	0.83629	0.23246
10727655	4.2	19214390+4803572	13.393	12.108	13.433	6074	4.188	0.117	0.399	0.015	0.014	0.028	0.016	10727655	10727655	10727655	10727655	8919.38	8885.889	8814.474	8936.826	154	154	151	150	0.353353	54953.91185	13.433	1.00842	1.22539	0.97421	0.25531
10794878	4.1	19233305+4807431	13.304	12.163	13.385	5529	4.464	0.077	0.56	0.013	0.017	0.026	0.02	10794878	10794878	10794878	10794878	9215.408	9137.134	9047.628	9139.085	53	58	60	55	0.432778	54954.02992	13.385	1.04019	0.54845	0.45316	0.45351
10796477	4.2	19260831+4807527	14.05	12.788	14.107	6213	4.172	0.145	0.373	0.021	0.032	0.05	0.023	10796477	10796477	10796477	10796477	6237.427	5809.539	6123.584	5709.86	75	72	70	76	0.484955	54964.67857	14.107	1.13335	1.03779	0.92344	0.19731
10797126	4.1	19271098+4808350	13.832	12.965	13.918	6432	4.261	0.138	0.362	0.051	0.068	0.074	0.04	10797126	10797126	10797126	10797126	6798.183	6377.77	6812.026	6366.493	150	147	145	151	0.432433	54964.62874	13.918	1.27068	0.76165	0.68536	0.04167
10801703	4.2	19343970+4806270	14.329	13.098	14.38	5306	4.312	0.113	0.656	0.032	0.035	0.041	0.036	10801703	10801703	10801703	10801703	5261.176	5213.049	5334.749	5209.259	254	258	258	253	0.313094	54964.82803	14.38	0.99767	1.30496	0.36771	0.94142
10809970	3.2	19461855+4807371	13.481	12.346	13.533	5637	4.476	0.09	0.521	0.023	0.02	0.033	0.021	10809970	10809970	10809970	10809970	8216.11	8040.048	8061.822	8294.422	181	177	178	181	0.447045	54953.65932	13.533	1.06719	5.53419	0.75767	1.04495
10818544	1	19555121+4807594	11.06	10.794	11.029	9335	3.96	0.167	-0.122	0.007	0.006	0.009	0.006	10818544	10818544	10818544	10818544	27817.115	26524.369	27648.519	27818.49	103	101	105	106	1.369169	54954.30533	11.029	1.01657	1.32776	0.36208	0.91864
10847118	4.2	18591168+4815480	13.936	12.641	13.965	5528	4.432	0.09	0.535	0.058	0.075	0.047	0.04	10847118	10847118	10847118	10847118	6415.545	6341.864	6174.765	6277.932	62	62	58	59	0.293559	54964.7021	13.965	1.01858	1.17486	0.853	0.27909
10854621	4.1	19150743+4815080	15.483	14.442	15.533	5744	4.981	0.103	0.51	0.087	0.153	0.104	0.053	10854621	10854621	10854621	10854621	2478.759	2278.694	2485.939	2225.75	173	167	168	172	0.37595	54964.62176	15.533	1.01967	0.99881	0.83825	0.26556
10877703	4.1	19510837+4814554	14.333	13.127	14.344	6106	3.881	0.201	0.453	0.057	0.039	0.07	0.068	10877703	10877703	10877703	10877703	4928.273	4027.72	4730.415	4928.509	334	337	331	330	0.436929	54964.7388	14.344	1.04007	0.83024	0.79435	0.10362
10880490	4.2	19543765+4814111	15.209	14.08	15.239	5807	4.678	0.14	0.493	0.08	0.062	0.109	0.073	10880490	10880490	10880490	10880490	2750.752	2053.804	2585.081	2774.888	226	224	229	230	0.297999	54964.85819	15.239	1.13559	2.55156	0.79707	0.43816
10965091	4.1	19041755+4824052	15.248	13.446	15.28	4718	4.515	0.085	0.805	0.155	0.113	0.146	0.115	10965091	10965091	10965091	10965091	2858.642	2999.862	2821.388	2833.194	346	347	351	350	0.235857	54964.69459	15.28	1.04009	0.75571	0.74526	0.06195
11013608	3.1	18490720+4832212	12.532	11.612	12.566	6223	4.198	0.087	0.329	0.013	0.016	0.018	0.016	11013608	11013608	11013608	11013608	12650.769	12598.683	12661.767	12725.259	211	209	208	213	0.318286	54953.86113	12.566	0.98774	0.55222	0.56088	0.30302
11036301	4.3	19392575+4833581	15.097	13.586	15.121	4708	4.514	0.088	0.795	0.055	0.048	0.109	0.087	11036301	11036301	11036301	11036301	3413.975	3371.116	3128.994	3171.183	37	37	32	31	0.285244	54964.71049	15.121	1.15275	4.74561	0.6734	1.08717
11042923	4.2	19491133+4831076	14.229	13.015	14.321	6086	4.239	0.156	0.388	0.044	0.033	0.047	0.04	11042923	11042923	11042923	11042923	5071.514	4049.636	4842.134	5146.702	76	73	73	76	0.390148	54964.7775	14.321	1.0051	1.76532	0.9642	0.48419
11083888	3.2	19265911+4841490	15.051	14.058	15.093	6284	4.5	0.149	0.386	0.043	0.044	0.083	0.044	11083888	11083888	11083888	11083888	3561.736	3579.663	3372.894	3281.84	27	28	24	24	0.342656	54964.68784	15.093	0.9677	0.60917	0.37943	0.74101
11084647	4.1	19283151+4837394	15.262	13.893	15.319	5392	4.493	0.127	0.631	0.068	0.093	0.075	0.108	11084647	11084647	11084647	11084647	3151.813	2962.284	2946.649	2890.787	34	40	42	36	0.311675	54964.74508	15.319	1.06129	0.69307	0.65453	0.03551
11091082	4.2	19402262+4837599	14.671	13.81	14.721	6294	4.547	0.143	0.41	0.034	0.04	0.052	0.061	11091082	11091082	11091082	11091082	4246.061	4199.808	4114.537	4173.316	190	190	186	185	0.385082	54964.77721	14.721	1.00808	1.37989	0.89217	0.57501
11127048	4.2	19041373+4844201	15.184	14.01	15.221	5448	4.77	0.096	0.561	0.064	0.067	0.064	0.08	11127048	11127048	11127048	11127048	3120.416	3110.845	2883.789	2925.142	173	173	178	176	0.299333	54964.784	15.221	1.07284	0.58188	0.4757	0.5896
11137143	4.3	19263754+4843323	13.072	12.05	13.145	5895	4.474	0.082	0.443	0.026	0.017	0.034	0.019	11137143	11137143	11137143	11137143	10297.357	10234.679	10197.843	10335.326	2	2	5	6	0.313539	54964.77602	13.145	1.02057	1.84211	0.44529	0.97372
11144556	4.2	19402860+4843582	13.491	12.647	13.551	6428	4.596	0.104	0.343	0.016	0.018	0.039	0.025	11144556	11144556	11144556	11144556	8276.561	8208.54	8033.068	8139.784	248	248	243	242	0.642993	54954.05962	13.551	1.08479	1.48028	0.86254	0.3907
11151970	4.2	19512108+4846269	13.003	11.535	13.071	5123	3.682	0.128	0.711	0.023	0.015	0.03	0.022	11151970	11151970	11151970	11151970	9981.484	8734.436	9763.534	10021.055	24	21	20	24	0.31163	54953.90506	13.071	1.02509	1.31585	0.42717	0.79512
11153627	3.2	19535823+4846580	13.951	12.465	13.982	5286	3.847	0.156	0.642	0.035	0.019	0.048	0.032	11153627	11153627	11153627	11153627	5898.195	4929.063	5654.203	5919.985	86	85	89	90	0.561652	54965.03976	13.982	1.34341	3.78051	0.58384	1.04262
11154110	4.1	19544090+4844433	13.307	12.526	13.37	6938	4.246	0.154	0.254	0.092	0.067	0.123	0.097	11154110	11154110	11154110	11154110	7925.937	6862.398	7449.129	7936.308	7	6	10	11	0.529665	54965.02976	13.37	1.19305	0.76961	0.7187	0.04584
11190836	4.2	19281662+4849462	15.415	14.291	15.473	5794	4.359	0.156	0.596	0.064	0.069	0.098	0.048	11190836	11190836	11190836	11190836	2860.859	2698.402	2697.66	2652.836	209	214	216	211	0.404049	54964.65511	15.473	1.05761	0.83086	0.63625	0.25341
11198068	4.3	19414399+4848582	15.529	14.083	15.509	5030	4.445	0.129	0.72	0.055	0.065	0.098	0.077	11198068	11198068	11198068	11198068	2572.159	2515.311	2503.124	2552.139	318	324	324	319	0.400167	54964.96731	15.509	1.47472	3.89881	0.96853	0.84753
11244501	4.1	19281062+4856369	9.796	8.554	9.849	5151	3.801	0.036	0.627	0.002	0.002	0.003	0.002	11244501	11244501	11244501	11244501	51594.989	51582.536	51532.05	51643.105	294	295	292	291	0.296679	54953.81319	9.849	0.94845	0.44879	0.38303	0.39948
11245381	4.2	19295502+4855000	12.811	11.901	12.858	5567	4.303	0.078	0.56	0.011	0.012	0.017	0.013	11245381	11245381	11245381	11245381	12084.567	12086.859	12008.191	11917.594	147	152	154	149	0.306994	54953.64043	12.858	1.03835	1.49959	0.9968	0.6423
11246163	4.2	19312990+4859024	14.516	13.16	14.605	5277	4.556	0.095	0.647	0.029	0.029	0.057	0.039	11246163	11246163	11246163	11246163	4702.25	4674.178	4575.399	4433.115	76	82	84	78	0.279228	54964.56417	14.605	1.00178	1.7527	0.98911	0.76904
11255667	1	19470489+4855203	10.876	10.035	10.941	6355	3.956	0.078	0.262	0.005	0.007	0.008	0.007	11255667	11255667	11255667	11255667	29650.747	29671.96	29658.482	29595.303	15	20	21	16	0.818864	54954.2701	10.941	1.00388	1.34392	0.32121	0.99926
11295026	4.2	19231888+4902081	12.767	11.307	12.81	4988	4.384	0.053	0.671	0.027	0.035	0.03	0.025	11295026	11295026	11295026	11295026	12154.965	12141.136	12044.41	12250.901	260	254	252	257	0.290855	54953.88769	12.81	1.06843	1.02253	0.68487	0.77882
11295347	1	19235737+4904219	11.708	11.15	11.729	7620	3.947	0.129	0.084	0.004	0.006	0.009	0.006	11295347	11295347	11295347	11295347	21066.19	20955.194	20913.751	21071.153	168	166	170	171	0.888419	54954.53798	11.729	0.97668	1.28313	0.34124	0.96095
11303416	4.3	19393400+4903047	14.975	13.457	15.023	4825	4.389	0.103	0.795	0.056	0.063	0.093	0.086	11303416	11303416	11303416	11303416	3547.71	3393.082	3311.115	3361.738	274	274	269	269	0.320779	54964.76777	15.023	1.01677	4.54948	0.72254	1.11263
11303526	4.2	19394694+4901490	12.952	12.083	13.002	6471	4.348	0.109	0.318	0.013	0.011	0.022	0.019	11303526	11303526	11303526	11303526	10916.234	10897.611	10772.646	10851.308	292	292	287	286	0.720101	54954.13388	13.002	1.10709	2.82227	0.80538	0.54985
11305087	4.1	19422455+4901272	14.994	13.842	15.038	5512	4.528	0.127	0.613	0.049	0.05	0.123	0.095	11305087	11305087	11305087	11305087	3432.284	3381.972	3219.754	3292.021	394	393	397	398	0.30926	54964.83942	15.038	1.12994	1.04836	0.83514	0.17958
11338865	1	19011499+4906525	13.295	12.9	13.275	8658	4.013	0.148	-0.08	0.015	0.015	0.015	0.019	11338865	11338865	11338865	11338865	9247.747	9258.78	8160.272	9071.364	103	107	109	103	0.880391	54954.0872	13.275	1.12388	2.05364	0.38524	1.02526
11341950	4.3	19090585+4911585	14.888	13.804	14.924	5511	4.486	0.112	0.586	0.09	0.115	0.084	0.111	11341950	11341950	11341950	11341950	3743.466	3584.321	3688.595	3460.203	441	437	437	440	0.288369	54964.80708	14.924	1.41101	3.70617	0.96122	1.02026
11342032	3.2	19091964+4911483	12.686	11.574	12.758	0	0	0	0.281	0.011	0.013	0.016	0.012	11342032	11342032	11342032	11342032	12426.834	12390.962	12469.743	12370.587	416	416	420	420	0.986692	54954.62878	12.758	1.05255	1.65698	0.48826	0.51874
11395117	4.2	19101140+4912202	14.984	13.05	14.993	4879	4.543	0.086	0.717	0.051	0.049	0.061	0.071	11395117	11395117	11395117	11395117	3648.419	3558.928	3628.441	3408.33	308	308	312	311	0.306518	54964.84728	14.993	1.03909	1.30515	0.98083	0.42299
11402381	3.2	19262195+4915289	13.211	12.204	13.257	6481	4.111	0.131	0.313	0.017	0.018	0.025	0.013	11402381	11402381	11402381	11402381	9760.067	9745.388	9667.961	9668.703	220	221	217	217	0.417365	54953.88406	13.257	1.00304	1.03073	0.81249	0.59305
11404758	4.2	19311544+4912045	13.929	12.858	13.958	6374	4.128	0.151	0.347	0.015	0.022	0.032	0.027	11404758	11404758	11404758	11404758	6728.232	6619.521	6613.584	6509.031	263	268	270	264	0.351261	54964.81923	13.958	1.0396	3.49993	0.83345	0.67208
11405559	4.1	19325415+4914331	13.629	12.353	13.692	5232	4.154	0.101	0.708	0.028	0.014	0.024	0.022	11405559	11405559	11405559	11405559	7692.64	7586.349	7656.019	7516.573	63	63	66	67	0.284941	54964.84338	13.692	1.04352	1.02564	0.80173	0.16402
11408810	1	19385528+4917397	12.572	11.928	12.607	7555	4.103	0.149	0.139	0.013	0.012	0.016	0.019	11408810	11408810	11408810	11408810	13310.689	13263.251	13190.79	13203.069	196	191	191	195	0.749308	54953.86714	12.607	1.03107	1.54542	0.32253	1.00308
11410485	3.2	19415839+4917583	13.621	12.721	13.693	6732	4.165	0.157	0.288	0.027	0.021	0.036	0.03	11410485	11410485	11410485	11410485	7423.268	7421.42	7275.308	7386.372	327	326	331	331	0.428799	54964.8554	13.693	1.26476	0.83383	0.38817	0.78476
11442348	4.2	18562412+4921442	14.481	13.231	14.546	5301	4.546	0.087	0.628	0.056	0.065	0.064	0.061	11442348	11442348	11442348	11442348	4353.84	4260.438	3389.871	4083.749	305	301	300	305	0.312843	54964.6058	14.546	1.04875	1.3903	0.94657	0.40014
11444780	3.1	19025070+4923494	15.66	14.151	15.732	4566	4.718	0.072	0.982	0.089	0.096	0.08	0.081	11444780	11444780	11444780	11444780	2089.767	1797.549	1852.504	1731.37	14	14	11	10	0.286713	54964.59011	15.732	1.0098	1.12986	0.96606	0.12609
11447953	1	19111390+4922411	11.182	10.393	11.256	6412	4.428	0.052	0.295	0.005	0.005	0.007	0.005	11447953	11447953	11447953	11447953	26171.661	26189.506	26224.084	26099.085	91	91	95	95	1.499027	54955.24303	11.256	0.96666	1.83475	0.42575	0.93193
11460346	4.2	19373926+4919372	15.148	14.182	15.192	6273	4.684	0.143	0.391	0.162	0.182	0.19	0.217	11460346	11460346	11460346	11460346	2957.03	2985.161	2939.027	2852.927	77	72	72	76	0.385642	54964.71383	15.192	0.99633	1.19497	0.35512	0.92685
11494583	4.2	18572818+4927518	15.411	13.776	15.439	4385	4.625	0.062	0.964	0.088	0.121	0.107	0.099	11494583	11494583	11494583	11494583	2482.343	2393.407	1753.666	2283.98	328	324	323	328	0.248341	54964.68713	15.439	1.0633	3.44562	0.61889	1.05722
11495781	3.3	19005547+4927412	13.424	12.794	13.438	7729	3.828	0.147	0.057	0.019	0.023	0.021	0.021	11495781	11495781	11495781	11495781	8358.429	8370.026	7187.609	8154.16	175	174	178	179	0.507944	54954.03919	13.438	0.99764	1.3257	0.58605	1.03375
11496078	3.2	19014172+4925334	13.435	12.451	13.475	5891	4.4	0.09	0.435	0.021	0.02	0.026	0.022	11496078	11496078	11496078	11496078	8201.055	8264.859	7022.362	8005.312	104	103	107	107	0.299717	54953.60142	13.475	0.99965	1.053	0.51475	0.73303
11498689	4.1	19081050+4924243	15.06	13.804	15.124	5271	4.465	0.109	0.677	0.172	0.076	0.156	0.121	11498689	11498689	11498689	11498689	3142.61	3097.701	3214.27	2959.001	209	206	205	208	0.306311	54964.60494	15.124	1.10997	0.75765	0.71574	0.04592
11502581	4.1	19170380+4928220	14.603	13.464	14.661	5696	4.455	0.116	0.509	0.04	0.031	0.071	0.065	11502581	11502581	11502581	11502581	4238.48	4193.571	3856.138	3491.808	117	122	123	116	0.333631	54964.87535	14.661	1.03574	1.03687	0.92975	0.1352
11509282	3.2	19312898+4926190	13.74	13	13.796	7139	3.653	0.189	0.225	0.019	0.028	0.038	0.02	11509282	11509282	11509282	11509282	7307.737	7160.196	7123.314	7128.924	150	149	153	154	0.634036	54965.03563	13.796	1.05301	1.45156	0.86252	0.3051
11559864	4.2	19290388+4930423	14.1	13.038	14.158	5862	4.613	0.099	0.461	0.119	0.05	0.089	0.045	11559864	11559864	11559864	11559864	5750.649	5812.28	5751.68	5671.799	350	345	343	348	0.383303	54964.68003	14.158	1.0251	0.63442	0.49692	0.87047
11566174	4.1	19410439+4933586	14.917	13.641	14.957	5300	4.627	0.104	0.633	0.042	0.04	0.076	0.068	11566174	11566174	11566174	11566174	3521.684	3530.799	3385.051	3455.437	141	136	135	140	0.276872	54964.60811	14.957	1.1171	1.49302	0.90527	0.49853
11604958	4.2	19143302+4937287	13.874	12.64	13.935	5286	4.354	0.089	0.641	0.021	0.032	0.05	0.041	11604958	11604958	11604958	11604958	6544.731	6290.781	6018.424	5668.66	57	57	52	52	0.298933	54964.65258	13.935	1.08256	2.37237	0.91477	0.22675
11612091	1	19301869+4939371	13.052	12.224	13.117	6803	3.983	0.147	0.259	0.034	0.031	0.05	0.019	11612091	11612091	11612091	11612091	10328.093	10126.734	10106.297	10172.051	192	191	194	195	0.45427	54953.77921	13.117	0.98524	5.05534	0.89614	0.93717
11672319	4.3	19471320+4942455	14.246	13.018	14.288	5497	4.53	0.102	0.568	0.04	0.046	0.045	0.051	11672319	11672319	11672319	11672319	4799.343	4933.047	5079.393	4898.171	449	449	444	446	0.331777	54964.81493	14.288	1.07789	1.469	0.39691	0.96784
11704155	4.2	19075572+4953018	12.563	11.288	12.6	5118	4.646	0.039	0.597	0.017	0.012	0.014	0.014	11704155	11704155	11704155	11704155	13034.071	12823.647	12765.759	12423.935	83	87	88	83	0.273872	54953.60085	12.6	1.05117	2.46838	0.55751	0.93191
11716688	4.1	19353250+4950369	13.574	12.134	13.647	5130	3.283	0.17	0.824	0.039	0.027	0.035	0.033	11716688	11716688	11716688	11716688	7614.587	7643.37	7466.396	7538.55	124	125	119	119	0.301223	54964.84994	13.647	0.95518	1.23077	0.32237	0.97563
11769739	4.3	19402778+4955024	15.013	13.631	15.033	5136	4.403	0.119	0.683	0.046	0.046	0.083	0.074	11769739	11769739	11769739	11769739	3384.242	3388.841	3272.036	3230.727	177	182	183	177	0.252477	54964.66012	15.033	1.05777	2.10384	0.65453	0.63197
11805235	4.2	19070616+5004148	14.656	13.404	14.717	5342	4.594	0.091	0.606	0.049	0.034	0.046	0.041	11805235	11805235	11805235	11805235	3910.27	3707.698	3667.623	3440.133	221	221	225	225	0.395194	54964.73772	14.717	1.03558	1.25755	0.86904	0.20366
11819520	4.1	19382848+5000158	14.771	13.666	14.833	5715	4.662	0.113	0.527	0.068	0.057	0.093	0.077	11819520	11819520	11819520	11819520	3721.179	3909.753	3677.658	3664.043	389	395	395	390	0.253497	54964.91703	14.833	0.96613	1.11372	0.37923	0.81927
11910076	4.3	19172421+5017106	14.225	13.009	14.284	5450	4.368	0.103	0.611	0.03	0.028	0.058	0.042	11910076	11910076	11910076	11910076	5117.371	5096.6	4717.222	4434.72	321	317	315	321	0.348134	54964.89402	14.284	1.02828	1.88779	0.48464	0.99381
11920266	4.2	19393129+5016009	11.517	10.571	11.581	0	0	0	0.583	0.007	0.007	0.01	0.008	11920266	11920266	11920266	11920266	21631.854	21729.938	21530.2	21609.123	204	203	207	207	0.467406	54954.12185	11.581	0.97538	0.87705	0.35133	0.85161
11924311	4.1	19463984+5014179	12.761	12.032	12.805	6418	4.302	0.106	0.337	0.023	0.025	0.034	0.026	11924311	11924311	11924311	11924311	11098.984	11060.397	11216.597	11122.449	4	0	0	5	0.445115	54964.75816	12.805	1.10571	0.76372	0.7321	0.04754
12016304	1	19340641+5025378	13.664	12.778	13.718	6491	4.269	0.134	0.34	0.021	0.024	0.042	0.032	12016304	12016304	12016304	12016304	7159.221	7276.575	7092.001	7079.181	56	51	51	55	1.024048	54965.65054	13.718	1.08939	3.20797	0.65497	0.77993
12019674	4.1	19402932+5025522	12.904	11.904	12.961	5841	4.301	0.09	0.449	0.019	0.018	0.026	0.017	12019674	12019674	12019674	12019674	10586.786	10711.158	10589.799	10635.606	9	8	13	13	0.354492	54953.7986	12.961	1.04605	0.75926	0.73383	0.04383
12055014	1	19100386+5033239	13.465	12.696	13.537	6546	4.49	0.103	0.312	0.057	0.08	0.089	0.086	12055014	12055014	12055014	12055014	6884.644	7547.838	6598.547	6981.415	6	7	1	2	0.499897	54965.04179	13.537	1.07871	2.11618	0.88957	0.83993
12071741	4.3	19453486+5035571	14.762	13.617	14.818	5385	4.608	0.106	0.633	0.082	0.046	0.062	0.069	12071741	12071741	12071741	12071741	3268.206	3470.64	3514.763	3448.486	353	359	359	353	0.314276	54964.82121	14.818	1.30024	1.70788	0.44905	0.98746
12104285	4.1	19100947+5041490	15.808	14.272	15.841	4658	4.648	0.086	0.885	0.066	0.1	0.171	0.157	12104285	12104285	12104285	12104285	1452.603	1893.816	1334.748	1398.675	91	92	86	87	0.251453	54964.71599	15.841	1.01854	0.60541	0.65138	0.21491
12153332	4.2	19113747+5045586	13.029	11.941	13.077	5367	4.749	0.048	0.562	0.013	0.018	0.031	0.026	12153332	12153332	12153332	12153332	9090.661	9805.174	8796.091	9360.492	298	299	293	295	0.294641	54953.86779	13.077	0.94425	0.51143	0.34993	0.73092
12267718	1	19450129+5054157	13.316	12.628	13.385	6802	4.191	0.145	0.278	0.028	0.025	0.033	0.03	12267718	12267718	12267718	12267718	7909.146	7882.082	7997.421	7991.315	334	332	338	335	0.545045	54953.99996	13.385	1.05258	2.44487	0.88508	0.93095
12418274	4.1	19444979+5112401	14.298	13.069	14.349	5215	4.802	0.07	0.617	0.368	0.291	0.158	0.221	12418274	12418274	12418274	12418274	3532.01	3903.382	3622.015	3683.759	206	202	201	207	0.352735	54964.86051	14.349	1.01642	0.52151	0.42954	0.53552
12458133	4.2	19204110+5122395	14	12.794	14.074	5402	4.644	0.076	0.592	0.03	0.029	0.041	0.053	12458133	12458133	12458133	12458133	5347.501	5407.043	4875.691	5222.914	161	169	167	162	0.332525	54964.89837	14.074	1.09218	1.11161	0.89355	0.27201
12689656	4.1	19170171+5148446	13.297	12.28	13.358	0	0	0	0.453	0.025	0.025	0.041	0.053	12689656	12689656	12689656	12689656	7844.8	7912.394	7193.119	7765.9	247	240	242	244	1.076175	54954.76485	13.358	1.12585	1.73625	0.49227	0.58042
