1572353 19244526+3709418 0 19 24 45.26 +37 09 41.9 2 15.195 13.586 15.234 0 4470 4.538 0.076 0.984 4 0.081 0.121 0.124 0.084 1572353 1572353 1572353 1572353 2148.802 2372.224 2325.473 2565.677 383 381 378 377
1873918 19304259+3719046 0 19 30 42.59 +37 19 04.7 2 13.658 12.564 13.715 0 5715 4.403 0.110 0.512 4 0.051 0.081 0.046 0.031 1873918 1873918 1873918 1873918 5624.683 5905.350 5767.081 6502.777 2 4 8 1
2012362 19234205+3728347 0 19 23 42.06 +37 28 34.8 2 14.058 13.163 14.121 0 6218 4.575 0.124 0.400 4 0.069 0.094 0.068 0.030 2012362 2012362 2012362 2012362 4687.199 4981.368 5014.040 5166.535 225 221 220 228
2017803 19284109+3727219 0 19 28 41.10 +37 27 22.0 2 14.591 13.175 14.614 0 5056 4.499 0.101 0.658 4 0.183 0.264 0.122 0.125 2017803 2017803 2017803 2017803 3090.653 3211.857 3013.755 3798.514 23 21 18 18
2141697 19052277+3730065 0 19 05 22.77 +37 30 06.5 2 13.367 12.416 13.399 0 6049 4.063 0.131 0.419 4 0.080 0.076 0.105 0.063 2141697 2141697 2141697 2141697 7590.157 7676.856 7434.399 7451.644 123 128 127 123
2159783 19252624+3733119 0 19 25 26.25 +37 33 12.0 2 14.926 13.808 14.965 0 5643 4.406 0.152 0.557 4 0.074 0.095 0.086 0.052 2159783 2159783 2159783 2159783 2642.146 2901.307 3008.129 3218.246 335 331 330 337
2302092 19250295+3741524 0 19 25 02.95 +37 41 52.4 2 14.369 13.131 14.440 0 5245 4.201 0.131 0.773 4 0.049 0.087 0.086 0.058 2302092 2302092 2302092 2302092 3825.151 4129.719 4114.289 4312.058 187 183 182 189
2305277 19275297+3739042 0 19 27 52.98 +37 39 04.3 2 15.051 13.925 15.101 0 5694 4.523 0.149 0.562 4 0.102 0.124 0.121 0.058 2305277 2305277 2305277 2305277 2356.753 2654.595 2642.187 2897.997 2 4 7 8
2437038 19204760+3744317 0 19 20 47.61 +37 44 31.7 2 15.952 14.454 15.955 0 5461 4.363 0.183 0.661 4 0.269 0.368 0.249 0.107 2437038 2437038 2437038 2437038 1483.425 1297.247 1432.123 1711.703 71 70 66 67
2444187 19263175+3744166 0 19 26 31.76 +37 44 16.7 2 14.092 12.824 14.138 0 6162 4.178 0.167 0.421 4 0.059 0.099 0.106 0.048 2444187 2444187 2444187 2444187 4612.678 4966.125 5026.263 5249.558 165 167 170 171
2694741 19053895+3754295 0 19 05 38.95 +37 54 29.5 2 12.244 11.038 12.297 0 5302 4.550 0.044 0.575 4 0.014 0.014 0.028 0.017 2694741 2694741 2694741 2694741 14455.692 14484.074 14243.377 14204.217 393 398 397 393
2715007 19273055+3757028 0 19 27 30.56 +37 57 02.8 2 14.667 13.493 14.730 0 5598 4.524 0.128 0.582 4 0.125 0.152 0.073 0.078 2715007 2715007 2715007 2715007 3077.304 3218.613 3086.531 3795.388 83 81 78 77
2715417 19275256+3755399 0 19 27 52.57 +37 55 40.0 2 14.039 12.779 14.070 0 5189 4.830 0.063 0.613 4 0.047 0.063 0.056 0.044 2715417 2715417 2715417 2715417 4813.629 5054.321 4797.398 5548.081 127 125 122 121
2717141 19291829+3757413 0 19 29 18.29 +37 57 41.4 2 13.493 12.566 13.519 0 6140 4.129 0.149 0.429 4 0.042 0.051 0.029 0.045 2717141 2717141 2717141 2717141 6811.635 7114.964 6903.622 7598.577 359 357 355 353
2717423 19293204+3758590 0 19 29 32.04 +37 58 59.1 2 14.488 13.262 14.544 0 5581 4.547 0.119 0.568 4 0.051 0.077 0.050 0.038 2717423 2717423 2717423 2717423 3508.679 3713.172 3639.597 4286.394 396 392 391 398
2835289 19072623+3801389 0 19 07 26.23 +38 01 38.9 2 12.958 11.980 13.009 0 6228 4.265 0.107 0.377 4 0.021 0.021 0.035 0.026 2835289 2835289 2835289 2835289 10025.808 10105.158 9908.528 9822.836 223 226 227 228
2854432 19272798+3805077 0 19 27 27.99 +38 05 07.8 2 14.911 13.564 14.922 0 5103 4.455 0.118 0.680 4 0.153 0.262 0.110 0.057 2854432 2854432 2854432 2854432 2669.439 2739.910 2804.682 3357.850 122 119 117 124
2854752 19274457+3800226 0 19 27 44.58 +38 00 22.6 2 13.923 12.980 13.990 0 7073 4.051 0.211 0.268 4 0.036 0.067 0.049 0.049 2854752 2854752 2854752 2854752 5131.391 5355.480 5256.222 5848.020 145 143 140 139
2858322 19304190+3803534 0 19 30 41.90 +38 03 53.4 2 14.696 13.487 14.751 0 5605 4.391 0.145 0.611 4 0.057 0.110 0.082 0.042 2858322 2858322 2858322 2858322 2977.729 3198.607 3130.537 3798.200 442 439 437 444
3104113 19120951+3817388 0 19 12 09.52 +38 17 38.9 2 13.384 12.396 13.447 0 5910 4.520 0.091 0.468 4 0.028 0.024 0.037 0.025 3104113 3104113 3104113 3104113 8199.800 8148.859 8215.864 8270.730 7 12 13 8
3120742 19293322+3816494 0 19 29 33.22 +38 16 49.4 2 14.794 13.583 14.844 0 5590 4.514 0.134 0.544 4 0.161 0.140 0.114 0.078 3120742 3120742 3120742 3120742 2795.965 3018.868 2926.765 3604.941 169 166 165 171
3127873 19360256+3815488 0 19 36 02.56 +38 15 48.8 2 15.106 14.060 15.153 0 6069 4.615 0.163 0.473 4 0.097 0.104 0.156 0.099 3127873 3127873 3127873 3127873 2501.159 2399.431 2730.487 2617.677 52 52 48 48
3221207 19092181+3819324 0 19 09 21.81 +38 19 32.4 2 11.943 11.430 11.975 0 6414 4.128 0.094 0.307 4 0.013 0.011 0.015 0.010 3221207 3221207 3221207 3221207 17600.426 17593.318 17615.401 17660.689 130 130 127 126
3232823 19232466+3819358 0 19 23 24.66 +38 19 35.8 2 15.109 14.105 15.142 0 6172 4.748 0.143 0.401 4 0.209 0.207 0.133 0.172 3232823 3232823 3232823 3232823 2758.596 2494.695 2770.258 2949.316 347 347 352 352
3339563 19225903+3826353 0 19 22 59.03 +38 26 35.3 2 14.082 12.833 14.176 0 5367 4.458 0.100 0.622 4 0.047 0.062 0.046 0.042 3339563 3339563 3339563 3339563 5323.795 5044.919 5368.005 5539.256 353 353 358 358
3342425 19260388+3827161 0 19 26 03.89 +38 27 16.1 2 15.038 14.069 15.089 0 6035 4.572 0.155 0.524 4 0.093 0.085 0.090 0.062 3342425 3342425 3342425 3342425 2692.000 2447.819 3094.779 3022.267 109 109 105 105
3431321 19110588+3830143 0 19 11 05.89 +38 30 14.4 2 11.240 10.917 11.197 0 9589 3.949 0.163 -0.171 4 0.008 0.007 0.010 0.008 3431321 3431321 3431321 3431321 26046.062 26062.709 26072.609 26139.258 270 274 276 271
3437800 19191301+3833389 0 19 19 13.02 +38 33 39.0 2 13.840 12.849 13.871 0 6185 4.354 0.133 0.381 4 0.050 0.074 0.037 0.060 3437800 3437800 3437800 3437800 6291.736 6013.733 6394.537 6505.703 68 61 62 67
3454864 19365321+3831521 0 19 36 53.21 +38 31 52.1 2 13.695 12.583 13.731 0 5791 4.285 0.128 0.480 4 0.023 0.030 0.061 0.036 3454864 3454864 3454864 3454864 6559.341 6216.394 6780.900 6620.013 304 304 300 300
3456318 19381798+3831147 0 19 38 17.93 +38 31 16.6 2 12.566 12.160 12.629 0    0.339 4 0.049 0.041 0.058 0.040 3456318 3456318 3456318 3456318 11879.966 11695.111 12245.245 12053.741 238 242 243 240
3732732 19073130+3853346 0 19 07 31.31 +38 53 34.6 2 13.414 12.538 13.462 0 5946 4.236 0.114 0.467 4 0.065 0.059 0.093 0.065 3732732 3732732 3732732 3732732 8097.532 8091.873 7992.197 8220.024 163 163 159 158
3745184 19234900+3852270 0 19 23 49.01 +38 52 27.1 2 15.032 13.505 15.031 0 4607 4.595 0.075 0.809 4 0.119 0.157 0.092 0.092 3745184 3745184 3745184 3745184 3101.407 2901.076 3321.559 3300.959 18 18 23 23
3756730 19354438+3852020 0 19 35 44.39 +38 52 02.1 2 14.562 13.430 14.595 0 5638 4.410 0.142 0.576 4 0.113 0.084 0.113 0.152 3756730 3756730 3756730 3756730 3898.629 3525.111 4085.059 3846.836 283 278 278 281
3832382 19005905+3858599 0 19 00 59.06 +38 58 59.9 2 15.641 13.996 15.691 0 4454 4.611 0.076 0.962 4 0.090 0.112 0.141 0.073 3832382 3832382 3832382 3832382 2024.642 1885.545 1935.534 2015.798 383 380 378 377
3833859 19032972+3854139 0 19 03 29.73 +38 54 14.0 2 11.947 11.016 11.987 0 6011 4.221 0.074 0.376 4 0.011 0.011 0.014 0.010 3833859 3833859 3833859 3833859 17463.072 17330.272 17319.361 17380.939 246 251 251 247
3837677 19094270+3855068 0 19 09 42.71 +38 55 06.8 2 15.511 14.317 15.548 0 5466 4.882 0.107 0.563 4 0.079 0.093 0.142 0.092 3837677 3837677 3837677 3837677 2329.375 2368.736 2329.624 2439.446 379 374 373 378
3848042 19231294+3857107 0 19 23 12.94 +38 57 10.7 2 14.919 14.051 14.965 0 6398 4.746 0.143 0.386 4 0.075 0.071 0.108 0.063 3848042 3848042 3848042 3848042 3323.779 3139.953 3323.460 3545.923 68 69 73 74
3853259 19285873+3855233 0 19 28 58.74 +38 55 23.3 2 13.871 12.375 13.922 0 4467 4.783 0.034 0.905 4 0.057 0.060 0.069 0.058 3853259 3853259 3853259 3853259 5876.663 5561.196 6329.061 6190.225 297 303 303 299
3936357 19013860+3902281 0 19 01 38.60 +39 02 28.1 2 12.420 11.143 12.437 0 5933 4.057 0.096 0.409 4 0.017 0.018 0.023 0.012 3936357 3936357 3936357 3936357 13826.115 13679.793 13681.414 13800.669 505 503 502 501
3953981 19254276+3904256 0 19 25 42.76 +39 04 25.6 2 12.597 11.173 12.633 0 4925 3.632 0.110 0.743 4 0.023 0.024 0.024 0.020 3953981 3953981 3953981 3953981 12614.974 12229.300 12954.795 12885.777 301 295 296 300
3956545 19282210+3902506 0 19 28 22.11 +39 02 50.7 2 13.912 12.787 13.987 0 5617 4.496 0.103 0.537 4 0.139 0.199 0.101 0.092 3956545 3956545 3956545 3956545 5455.092 5083.899 6074.063 5923.116 358 358 363 363
3958488 19302437+3903475 0 19 30 24.37 +39 03 47.6 2 13.040 12.339 13.104 0 6939 4.195 0.152 0.256 4 0.025 0.029 0.027 0.017 3958488 3958488 3958488 3958488 9587.913 9168.015 10075.120 9957.922 46 46 51 51
3969362 19411483+3903162 0 19 41 14.83 +39 03 16.2 2 14.210 13.339 14.274 0 6560 4.651 0.143 0.336 4 0.030 0.045 0.064 0.051 3969362 3969362 3969362 3969362 4161.760 4877.132 5086.531 5072.374 107 107 103 103
3972629 19434392+3901295 0 19 43 43.92 +39 01 29.6 2 14.905 13.403 14.931 0 5076 4.426 0.126 0.674 4 0.170 0.187 0.096 0.270 3972629 3972629 3972629 3972629 2493.538 2929.387 3031.463 2993.626 156 160 161 157
4071600 19403698+3911019 0 19 40 36.98 +39 11 02.0 2 13.447 12.704 13.493 0    0.668 4 0.028 0.030 0.036 0.030 4071600 4071600 4071600 4071600 6862.558 7878.762 8009.798 8090.259 69 69 66 65
4074532 19430487+3906359 0 19 43 04.87 +39 06 35.9 2 13.202 12.034 13.271 0 5403 4.786 0.055 0.572 4 0.021 0.026 0.041 0.028 4074532 4074532 4074532 4074532 7687.078 8796.963 8897.184 8946.229 279 283 283 280
4138301 19015682+3914260 0 19 01 56.82 +39 14 26.1 2 14.663 13.294 14.697 0 5132 4.348 0.109 0.683 4 0.068 0.063 0.083 0.038 4138301 4138301 4138301 4138301 3859.225 3823.781 3822.571 3957.287 364 367 369 370
4244929 19040406+3918551 0 19 04 04.07 +39 18 55.1 2 15.043 13.958 15.064 0 5857 4.707 0.120 0.434 4 0.070 0.073 0.084 0.056 4244929 4244929 4244929 4244929 3113.222 3053.388 3088.726 3226.650 25 28 30 30
4249218 19104985+3918486 0 19 10 49.86 +39 18 48.7 2 13.802 12.539 13.858 0 5283 4.028 0.121 0.678 4 0.085 0.085 0.085 0.056 4249218 4249218 4249218 4249218 6632.075 6558.576 6710.855 6819.474 163 164 168 168
4273411 19370330+3918146 0 19 37 03.30 +39 18 14.7 2 13.835 12.923 13.907 0 6975 4.045 0.215 0.289 4 0.024 0.025 0.055 0.032 4273411 4273411 4273411 4273411 6192.375 5950.850 6427.490 6144.756 61 56 55 59
4350454 19081259+3929165 0 19 08 12.59 +39 29 16.6 2 13.575 12.551 13.624 0 5907 4.089 0.130 0.473 4 0.071 0.056 0.107 0.061 4350454 4350454 4350454 4350454 7481.325 7587.876 7495.019 7516.331 192 196 197 192
4385109 19450223+3925171 0 19 45 02.23 +39 25 17.2 2 15.101 13.637 15.133 0 4739 4.654 0.085 0.785 4 0.074 0.062 0.100 0.096 4385109 4385109 4385109 4385109 2120.758 2846.720 2962.591 2892.712 249 249 253 253
4458989 19200035+3932021 0 19 20 00.36 +39 32 02.2 2 12.891 11.990 12.945 0 6519 4.128 0.132 0.313 4 0.015 0.014 0.022 0.014 4458989 4458989 4458989 4458989 11264.012 11282.411 11506.516 11333.942 128 133 135 130
4464999 19270973+3935376 0 19 27 09.73 +39 35 37.6 2 13.310 12.204 13.368 0 5820 4.380 0.100 0.473 4 0.025 0.045 0.025 0.018 4464999 4464999 4464999 4464999 8512.831 8069.343 8898.362 8921.125 40 34 34 38
4473355 19360365+3931534 0 19 36 03.65 +39 31 53.4 2 15.709 13.521 15.656 0 3947 4.612 0.050 1.325 4 0.086 0.086 0.139 0.091 4473355 4473355 4473355 4473355 2312.765 2229.742 2270.140 2307.852 127 130 131 128
4474193 19365752+3933305 0 19 36 57.53 +39 33 30.5 2 15.260 13.846 15.297 0 5319 4.232 0.175 0.687 4 0.062 0.062 0.086 0.053 4474193 4474193 4474193 4474193 2963.193 2834.686 2831.500 2927.309 68 71 72 69
4563150 19282679+3939406 0 19 28 26.80 +39 39 40.7 2 13.942 12.374 13.997 0 4865 4.350 0.081 0.755 4 0.042 0.050 0.038 0.027 4563150 4563150 4563150 4563150 5860.426 5468.937 6340.455 6318.912 51 51 56 57
4569923 19354500+3939310 0 19 35 45.01 +39 39 31.1 2 13.815 12.619 13.873 0 5557 4.239 0.124 0.578 4 0.022 0.038 0.041 0.036 4569923 4569923 4569923 4569923 6834.925 6715.993 6780.181 6742.934 253 255 257 254
4661397 19342806+3943246 0 19 34 28.06 +39 43 24.6 2 15.336 14.180 15.373 0 5546 4.431 0.165 0.637 4 0.068 0.069 0.107 0.057 4661397 4661397 4661397 4661397 2828.227 2657.580 2750.428 2747.965 419 421 423 419
4669592 19421776+3942022 0 19 42 17.77 +39 42 02.3 2 13.047 11.794 13.081 0    0.746 4 0.037 0.035 0.046 0.038 4669592 4669592 4669592 4669592 8992.479 9902.218 10023.431 10139.447 209 205 204 208
4672934 19450461+3947304 0 19 45 04.61 +39 47 30.5 2 13.752 12.526 13.792 0 5590 4.381 0.113 0.544 4 0.029 0.023 0.045 0.036 4672934 4672934 4672934 4672934 5624.881 6617.939 6823.072 6827.682 79 79 82 82
4743626 19232327+3948143 0 19 23 23.28 +39 48 14.3 2 12.060 11.125 12.104 0 6219 4.132 0.094 0.334 4 0.007 0.008 0.012 0.007 4743626 4743626 4743626 4743626 17441.286 17537.180 17425.861 17446.442 10 14 17 12
4752731 19340716+3953054 0 19 34 07.10 +39 53 06.1 2 13.497 13.934 13.558 0    0.248 4 0.059 0.042 0.064 0.043 4752731 4752731 4752731 4752731 8155.225 7969.036 7953.834 7936.758 446 444 442 446
4762887 19433907+3950500 0 19 43 39.07 +39 50 50.0 2 14.312 13.455 14.366 0 6556 4.718 0.140 0.326 4 0.035 0.049 0.071 0.053 4762887 4762887 4762887 4762887 4016.118 4768.387 4930.586 4994.589 211 206 206 209
4819564 19052530+3955053 0 19 05 25.31 +39 55 05.4 2 14.734 12.560 14.672 0 4125 4.511 0.046 1.150 4 0.037 0.052 0.069 0.040 4819564 4819564 4819564 4819564 4137.142 4225.141 4266.222 4278.600 307 302 301 306
4843222 19354268+3955527 0 19 35 42.69 +39 55 52.7 2 14.354 13.301 14.390 0 5976 4.423 0.145 0.477 4 0.037 0.047 0.049 0.038 4843222 4843222 4843222 4843222 5260.455 5011.873 5123.279 5149.918 323 324 328 327
4853067 19445306+3955227 0 19 44 53.07 +39 55 22.8 2 13.090 12.032 13.142 0 5838 4.274 0.109 0.481 4 0.017 0.023 0.031 0.021 4853067 4853067 4853067 4853067 8610.656 9520.513 9823.217 9831.394 50 49 53 53
4904304 18584126+4000380 0 18 58 41.27 +40 00 38.0 2 12.948 12.096 13.004 0 5954 4.308 0.090 0.441 4 0.069 0.068 0.055 0.037 4904304 4904304 4904304 4904304 10008.233 10326.391 10256.384 9089.672 78 81 81 79
4909422 19081940+4002467 0 19 08 19.41 +40 02 46.8 2 12.078 10.789 12.135 0 5404 2.911 0.163 0.719 4 0.009 0.010 0.012 0.007 4909422 4909422 4909422 4909422 16932.853 16952.910 17037.442 16999.845 137 137 142 142
4921906 19244886+4004457 0 19 24 48.87 +40 04 45.8 2 15.150 13.617 15.203 0 4800 4.405 0.109 0.826 4 0.055 0.064 0.068 0.058 4921906 4921906 4921906 4921906 3219.638 3130.221 3192.221 3157.146 86 90 93 88
4937217 19412500+4000106 0 19 41 25.00 +40 00 10.7 2 15.347 14.294 15.402 0 6075 4.661 0.169 0.486 4 0.090 0.128 0.125 0.101 4937217 4937217 4937217 4937217 2566.526 2507.933 2613.082 2685.324 26 28 29 26
4937350 19413267+4000113 0 19 41 32.67 +40 00 11.3 2 14.227 13.109 14.273 0 5862 4.377 0.143 0.490 4 0.047 0.040 0.051 0.042 4937350 4937350 4937350 4937350 5155.689 5212.077 5408.727 5387.678 15 17 18 15
4940226 19435736+4004322 0 19 43 57.36 +40 04 32.2 2 14.284 13.300 14.341 0 5997 4.416 0.149 0.491 4 0.225 0.260 0.139 0.204 4940226 4940226 4940226 4940226 3853.394 4338.749 4471.045 4656.595 58 53 53 56
4941060 19443966+4004480 0 19 44 39.66 +40 04 48.0 2 15.335 14.182 15.380 0 5197 4.388 0.155 0.798 4 0.082 0.092 0.118 0.108 4941060 4941060 4941060 4941060 1908.714 2493.327 2675.873 2584.015 14 14 18 18
4945857 19484455+4002568 0 19 48 44.55 +40 02 56.8 2 13.931 12.571 13.964 0 5232 4.345 0.106 0.643 4 0.104 0.085 0.091 0.091 4945857 4945857 4945857 4945857 5846.712 5873.334 5719.995 5825.940 214 215 209 209
4950505 19524863+4005198 0 19 52 48.63 +40 05 19.9 2 14.631 13.375 14.689 0 5625 4.391 0.155 0.568 4 0.054 0.061 0.124 0.068 4950505 4950505 4950505 4950505 3749.971 3833.602 3643.638 3579.777 238 243 241 239
4991959 18591369+4009209 0 18 59 13.69 +40 09 20.9 2 14.989 13.964 15.022 0 5683 4.370 0.134 0.552 4 0.062 0.057 0.086 0.047 4991959 4991959 4991959 4991959 3160.260 3328.425 3308.118 2508.127 127 131 131 127
4999260 19120475+4007374 0 19 12 04.75 +40 07 37.5 2 9.280 7.926 9.333 0 5048 2.806 0.077 0.713 4 0.004 0.003 0.005 0.003 4999260 4999260 4999260 4999260 65385.369 65655.954 65762.136 65616.831 8 9 4 5
5005570 19202793+4007556 0 19 20 27.94 +40 07 55.7 2 13.629 12.532 13.685 0 5658 4.463 0.095 0.536 4 0.021 0.020 0.025 0.021 5005570 5005570 5005570 5005570 7767.298 7784.817 7754.280 7740.631 113 114 111 110
5015926 19324964+4007483 0 19 32 49.64 +40 07 48.3 2 12.902 11.877 12.952 0 5848 4.349 0.092 0.449 4 0.016 0.017 0.025 0.016 5015926 5015926 5015926 5015926 11472.597 11266.752 11326.757 11367.060 140 138 136 140
5022573 19394316+4008492 0 19 39 43.17 +40 08 49.3 2 11.423 10.422 11.474 0 5648 4.463 0.044 0.466 4 0.006 0.006 0.010 0.006 5022573 5022573 5022573 5022573 23342.211 23419.376 23407.027 23554.801 284 286 287 285
5095098 19220120+4015599 0 19 22 01.20 +40 15 60.0 2 15.084 12.967 15.057 0 4063 4.558 0.047 1.242 4 0.068 0.074 0.085 0.065 5095098 5095098 5095098 5095098 3476.300 3504.913 3461.281 3580.280 405 406 402 402
5110245 19390865+4016184 0 19 39 08.66 +40 16 18.4 2 15.429 14.307 15.471 0 6045 4.533 0.185 0.500 4 0.077 0.076 0.135 0.106 5110245 5110245 5110245 5110245 2502.056 2511.594 2574.839 2575.789 343 342 338 338
5123176 19503362+4014099 0 19 50 33.63 +40 14 10.0 2 11.409 10.602 11.461 0 6750 4.016 0.109 0.207 4 0.008 0.006 0.014 0.009 5123176 5123176 5123176 5123176 22592.242 22717.658 22566.612 22544.202 480 475 477 479
5128972 19553505+4017175 0 19 55 35.05 +40 17 17.6 2 13.185 11.986 13.236 0 5776 4.218 0.120 0.497 4 0.163 0.171 0.120 0.213 5128972 5128972 5128972 5128972 7838.732 8044.818 8089.192 7579.904 175 180 178 177
5201619 19424109+4022032 0 19 42 41.09 +40 22 03.2 2 12.991 12.324 13.046 0 6498 4.268 0.131 0.348 4 0.037 0.037 0.054 0.031 5201619 5201619 5201619 5201619 10279.408 10288.112 10433.383 10567.017 182 183 187 186
5218385 19561617+4023033 0 19 56 16.17 +40 23 03.4 2 14.549 13.205 14.616 0 5260 4.288 0.143 0.705 4 0.052 0.087 0.091 0.094 5218385 5218385 5218385 5218385 3801.857 3799.333 3793.429 3762.047 198 203 201 200
5259926 19063812+4025335 0 19 06 38.12 +40 25 33.6 2 14.163 13.105 14.210 0 5869 4.443 0.115 0.488 4 0.032 0.037 0.048 0.026 5259926 5259926 5259926 5259926 5580.259 5624.925 5763.276 5755.348 56 51 50 56
5282464 19354696+4026583 0 19 35 46.96 +40 26 58.4 2 12.759 11.816 12.796 0 7472 3.963 0.190 0.149 4 0.017 0.018 0.023 0.016 5282464 5282464 5282464 5282464 12415.282 12296.265 12311.115 12271.772 72 73 76 76
5283266 19363646+4024055 0 19 36 36.46 +40 24 05.5 2 14.110 12.644 14.196 0 4921 4.046 0.124 0.896 4 0.026 0.043 0.060 0.031 5283266 5283266 5283266 5283266 5702.264 5636.859 5736.859 5798.969 25 24 20 21
5283839 19371271+4028007 0 19 37 12.72 +40 28 00.7 2 15.090 14.044 15.156 0 5906 4.548 0.159 0.529 4 0.047 0.076 0.105 0.060 5283839 5283839 5283839 5283839 3161.178 3098.067 3238.355 3307.616 145 144 140 141
5307780 19573554+4025225 0 19 57 35.55 +40 25 22.6 2 14.863 13.765 14.906 0 6075 4.488 0.183 0.482 4 0.174 0.216 0.245 0.240 5307780 5307780 5307780 5307780 2999.996 2967.442 2963.767 2882.716 125 131 128 127
5310387 19593092+4028567 0 19 59 30.93 +40 28 56.7 2 12.627 11.653 12.682 0 6520 4.072 0.151 0.317 4 0.024 0.023 0.031 0.024 5310387 5310387 5310387 5310387 11199.424 11308.246 11386.148 11238.936 22 27 25 24
5353374 19155373+4030362 0 19 15 53.73 +40 30 36.3 2 14.028 13.159 14.068 0 6402 4.141 0.160 0.360 4 0.024 0.028 0.031 0.026 5353374 5353374 5353374 5353374 6339.093 6288.581 6352.260 6266.254 160 164 164 160
5369419 19351867+4033030 0 19 35 18.67 +40 33 03.1 2 12.909 12.060 12.973 0 6669 4.213 0.137 0.257 4 0.022 0.025 0.030 0.026 5369419 5369419 5369419 5369419 11327.970 11179.508 11257.730 11184.834 35 32 31 35
5371109 19370306+4035548 0 19 37 03.07 +40 35 54.8 2 13.923 13.125 13.972 0 7396 4.061 0.226 0.198 4 0.051 0.048 0.060 0.049 5371109 5371109 5371109 5371109 6393.567 6360.686 6497.589 6578.224 151 148 147 151
5374883 19405396+4031355 0 19 40 53.96 +40 31 35.5 2 15.422 14.167 15.463 0 5818 4.390 0.192 0.560 4 0.063 0.083 0.129 0.075 5374883 5374883 5374883 5374883 2497.218 2506.327 2637.185 2711.227 378 379 382 382
5425950 18521368+4041174 0 18 52 13.68 +40 41 17.5 2 14.960 13.794 15.003 0 5483 4.559 0.108 0.585 4 0.054 0.064 0.085 0.054 5425950 5425950 5425950 5425950 2704.799 3160.082 2869.247 2830.239 111 111 108 106
5426665 18533969+4038008 0 18 53 39.69 +40 38 00.8 2 14.434 13.215 14.475 0 6012 4.206 0.135 0.428 4 0.057 0.056 0.082 0.036 5426665 5426665 5426665 5426665 4259.373 4455.262 4401.255 3654.912 44 40 40 44
5439790 19162894+4039018 0 19 16 28.95 +40 39 01.9 2 13.199 12.256 13.248 0 6566 4.197 0.133 0.306 4 0.017 0.019 0.026 0.016 5439790 5439790 5439790 5439790 9874.707 9726.923 9711.622 9792.884 193 193 198 197
5440746 19174110+4037576 0 19 17 41.10 +40 37 57.6 2 14.123 13.179 14.172 0 6138 4.548 0.119 0.408 4 0.034 0.031 0.034 0.032 5440746 5440746 5440746 5440746 5944.474 5946.977 6015.455 5993.148 31 31 36 35
5450322 19293885+4038100 0 19 29 38.85 +40 38 10.0 2 14.756 13.615 14.786 0 5741 4.482 0.139 0.527 4 0.076 0.054 0.095 0.070 5450322 5450322 5450322 5450322 4106.239 3772.108 3968.478 3712.649 70 74 75 70
5459373 19393915+4041054 0 19 39 39.15 +40 41 05.4 2 15.052 13.605 15.091 0 4982 4.427 0.121 0.742 4 0.166 0.282 0.279 0.260 5459373 5459373 5459373 5459373 3134.910 2936.466 3097.745 3132.731 309 307 306 310
5468295 19474342+4039550 0 19 47 43.43 +40 39 55.0 2 14.255 13.166 14.310 0 5758 4.536 0.124 0.541 4 0.039 0.060 0.088 0.039 5468295 5468295 5468295 5468295 5126.139 5024.872 5024.360 5191.562 13 17 18 14
5478466 19562268+4041391 0 19 56 22.68 +40 41 39.1 2 14.169 13.028 14.226 0 5809 4.396 0.144 0.531 4 0.037 0.050 0.051 0.078 5478466 5478466 5478466 5478466 4941.903 4942.159 4927.984 4792.557 439 444 442 440
5480282 19574550+4038344 0 19 57 45.51 +40 38 34.5 2 14.726 13.650 14.744 0 6137 4.500 0.177 0.442 4 0.086 0.057 0.111 0.122 5480282 5480282 5480282 5480282 3399.784 3509.378 3500.612 3317.969 289 295 292 291
5535061 19290882+4044548 0 19 29 08.82 +40 44 54.9 2 12.320 11.537 12.388 0 6580 4.347 0.096 0.273 4 0.010 0.010 0.021 0.011 5535061 5535061 5535061 5535061 15307.845 14608.045 14985.830 14890.111 190 190 186 187
5557368 19505639+4046042 0 19 50 56.39 +40 46 04.2 2 12.589 11.356 12.650 0 5143 4.384 0.058 0.655 4 0.027 0.023 0.040 0.036 5557368 5557368 5557368 5557368 12473.910 12574.758 12293.838 12410.184 88 83 85 87
5563814 19561608+4043155 0 19 56 16.09 +40 43 15.6 2 15.161 13.776 15.192 0 5032 4.691 0.106 0.686 4 0.291 0.409 0.426 0.300 5563814 5563814 5563814 5563814 2334.542 2389.063 2312.900 2322.331 469 475 472 471
5567438 19585974+4046210 0 19 58 59.75 +40 46 21.1 2 13.771 12.817 13.809 0 6289 4.385 0.152 0.384 4 0.065 0.072 0.064 0.091 5567438 5567438 5567438 5567438 5966.956 6010.784 6102.963 5964.188 114 114 120 119
5620981 19283052+4053002 0 19 28 30.53 +40 53 00.3 2 14.823 13.518 14.873 0 5406 4.473 0.125 0.606 4 0.046 0.055 0.073 0.049 5620981 5620981 5620981 5620981 4061.498 3455.858 3819.254 3653.922 163 162 159 159
5651175 19571921+4049133 0 19 57 19.22 +40 49 13.3 2 14.693 13.766 14.732 0 6467 4.711 0.162 0.368 4 0.055 0.073 0.090 0.075 5651175 5651175 5651175 5651175 3615.379 3577.488 3655.912 3393.979 351 350 356 356
5685072 18553819+4058573 0 18 55 38.19 +40 58 57.3 2 13.161 11.593 13.187 0 4626 4.551 0.038 0.799 2 0.023   0.011 5685072 5685072 5685072 5685072 9369.881   8493.712 1   1
5699617 19194803+4059119 0 19 19 48.04 +40 59 11.9 2 14.942 13.240 14.971 0 4817 4.257 0.115 0.797 4 0.060 0.055 0.078 0.062 5699617 5699617 5699617 5699617 3772.457 3236.155 3717.873 3474.974 145 150 150 147
5703230 19241713+4055011 0 19 24 17.14 +40 55 01.1 2 11.780 11.125 11.795 0 7748 3.611 0.184 0.061 4 0.007 0.005 0.009 0.007 5703230 5703230 5703230 5703230 20372.653 20483.879 20469.245 20440.724 45 44 47 48
5770431 18555291+4104522 0 18 55 52.92 +41 04 52.2 2 13.380 12.323 13.399 0 6338 4.044 0.130 0.336 4 0.016 0.021 0.026 0.016 5770431 5770431 5770431 5770431 7950.983 8570.757 8226.748 8258.227 41 44 45 42
5770860 18564562+4101301 0 18 56 45.63 +41 01 30.1 2 13.789 12.848 13.857 0 6391 4.314 0.123 0.350 4 0.023 0.027 0.045 0.019 5770860 5770860 5770860 5770860 6542.830 6747.935 6715.161 5830.911 88 84 83 87
5790912 19271412+4100512 0 19 27 14.13 +41 00 51.2 2 14.434 13.324 14.494 0 5733 4.580 0.116 0.520 4 0.039 0.043 0.100 0.065 5790912 5790912 5790912 5790912 5019.737 4346.581 4642.153 4499.339 41 41 37 37
5802834 19410488+4101268 0 19 41 04.89 +41 01 26.8 2 12.145 11.233 12.211 0 6077 4.329 0.080 0.389 4 0.010 0.014 0.017 0.014 5802834 5802834 5802834 5802834 16318.122 16349.083 16502.677 16531.355 125 126 129 129
5809868 19472503+4104031 0 19 47 25.04 +41 04 03.1 2 12.890 11.848 12.955 0 6878 4.046 0.172 0.258 4 0.015 0.016 0.030 0.016 5809868 5809868 5809868 5809868 10986.586 11048.979 10977.185 11071.614 357 361 362 358
5820209 19555773+4103522 0 19 55 57.73 +41 03 52.3 2 13.496 11.692 13.495 0 4750 3.175 0.213 0.851 4 0.121 0.073 0.078 0.090 5820209 5820209 5820209 5820209 7263.353 7459.101 7455.239 7414.213 251 246 249 250
5951553 19160504+4117007 0 19 16 05.05 +41 17 00.7 2 15.279 14.208 15.343 0 5863 4.563 0.144 0.517 4 0.072 0.060 0.078 0.048 5951553 5951553 5951553 5951553 2952.477 2542.358 2907.511 2723.624 69 69 64 64
5955731 19211422+4113296 0 19 21 14.22 +41 13 29.6 2 12.937 11.962 12.993 0    0.469 4 0.016 0.013 0.017 0.011 5955731 5955731 5955731 5955731 11231.926 10663.799 11203.408 10922.243 190 195 195 193
5961327 19284013+4117388 0 19 28 40.13 +41 17 38.8 2 15.381 13.721 15.417 0 4842 4.422 0.119 0.774 4 0.080 0.082 0.126 0.091 5961327 5961327 5961327 5961327 2921.823 2321.021 2675.775 2583.588 357 353 352 357
5962877 19303801+4115459 0 19 30 38.02 +41 15 45.9 2 12.725 11.544 12.764 0 5646 4.259 0.086 0.484 4 0.027 0.117 0.115 0.056 5962877 5962877 5962877 5962877 12392.586 11372.357 11685.754 11987.742 446 446 448 449
5978521 19464772+4115487 0 19 46 47.73 +41 15 48.7 2 13.640 12.631 13.676 0 6439 4.088 0.182 0.366 4 0.024 0.043 0.075 0.048 5978521 5978521 5978521 5978521 7559.508 7444.514 7367.030 7532.662 450 450 445 444
5984000 19513227+4114579 0 19 51 32.28 +41 14 58.0 2 14.412 13.118 14.431 0 5414 4.410 0.128 0.582 4 0.050 0.074 0.109 0.090 5984000 5984000 5984000 5984000 4744.644 4713.395 4643.796 4712.743 52 53 48 47
6024572 18592570+4119014 0 18 59 25.71 +41 19 01.5 2 15.492 14.538 15.521 0 6224 4.548 0.147 0.404 4 0.085 0.082 0.107 0.080 6024572 6024572 6024572 6024572 2389.122 2571.173 2534.006 2433.482 151 148 148 152
6044543 19295639+4118560 0 19 29 56.40 +41 18 56.1 2 13.714 12.864 13.764 0 7240 4.056 0.199 0.200 4 0.025 0.021 0.045 0.024 6044543 6044543 6044543 6044543 7488.607 6906.584 7213.184 7096.366 454 451 449 454
6050116 19363311+4120225 0 19 36 33.11 +41 20 22.6 2 14.233 12.659 14.258 0 4569 4.524 0.059 0.849 4 0.192 0.262 0.160 0.201 6050116 6050116 6050116 6050116 5129.198 5017.233 5352.183 5193.234 4 8 9 4
6057829 19442976+4123089 0 19 44 29.76 +41 23 09.0 2 13.257 11.948 13.309 0 5444 4.417 0.084 0.565 4 0.020 0.039 0.047 0.033 6057829 6057829 6057829 6057829 9313.178 9154.354 9163.413 9297.899 161 162 157 156
6061139 19473449+4118292 0 19 47 34.50 +41 18 29.2 2 15.164 13.762 15.232 0 5063 4.536 0.122 0.773 4 0.061 0.057 0.097 0.062 6061139 6061139 6061139 6061139 2946.430 3019.190 2958.259 3085.351 486 482 481 486
6106771 19021888+4126159 0 19 02 18.88 +41 26 15.9 2 15.459 14.160 15.491 0 5559 4.358 0.143 0.570 4 0.068 0.079 0.102 0.055 6106771 6106771 6106771 6106771 2566.673 2666.148 2678.318 2555.562 232 231 235 234
6118779 19210692+4124421 0 19 21 06.93 +41 24 42.2 2 15.436 14.226 15.510 0 5428 4.791 0.113 0.638 4 0.073 0.081 0.089 0.043 6118779 6118779 6118779 6118779 2641.842 2145.044 2619.996 2449.623 253 253 258 258
6128248 19330739+4126083 0 19 33 07.39 +41 26 08.4 2 15.095 13.606 15.166 0 4867 4.346 0.120 0.893 4 0.056 0.056 0.115 0.035 6128248 6128248 6128248 6128248 3224.325 2843.674 3153.843 3000.011 3 4 7 8
6148704 19531835+4126026 0 19 53 18.36 +41 26 02.6 2 13.280 12.242 13.330 0 5998 4.359 0.115 0.428 4 0.033 0.029 0.042 0.035 6148704 6148704 6148704 6148704 8862.308 8766.128 8663.617 8773.926 174 179 179 175
6209824 19332332+4132534 0 19 33 23.32 +41 32 53.4 2 12.070 11.429 12.127 0    0.484 4 0.024 0.034 0.031 0.019 6209824 6209824 6209824 6209824 17227.756 16918.745 17064.300 17136.664 84 84 81 81
6223646 19473200+4131078 0 19 47 32.00 +41 31 07.9 2 13.514 12.922 13.552 0 7907 3.935 0.260 0.149 4 0.025 0.034 0.060 0.033 6223646 6223646 6223646 6223646 8077.367 8006.893 7882.635 8125.226 315 311 310 315
6281103 19215212+4140281 0 19 21 52.12 +41 40 28.2 2 14.846 13.785 14.899 0 5715 4.894 0.098 0.503 4 0.042 0.047 0.061 0.040 6281103 6281103 6281103 6281103 3991.028 3314.607 3981.349 3690.167 16 16 21 21
6309193 19524246+4136076 0 19 52 42.47 +41 36 07.6 2 13.627 12.438 13.674 0 5367 4.377 0.098 0.598 4 0.027 0.029 0.048 0.030 6309193 6309193 6309193 6309193 7479.535 7331.576 7242.382 7455.745 356 360 360 357
6350020 19063485+4142121 0 19 06 34.86 +41 42 12.1 2 15.329 14.125 15.383 0 5592 4.420 0.139 0.589 4 0.061 0.058 0.092 0.073 6350020 6350020 6350020 6350020 2821.288 2947.469 2838.205 2799.915 29 30 25 25
6359771 19212215+4147118 0 19 21 22.15 +41 47 11.9 2 14.915 13.916 14.967 0 6078 4.672 0.133 0.442 4 0.098 0.197 0.112 0.079 6359771 6359771 6359771 6359771 3696.356 3113.857 3762.550 3480.931 31 31 36 36
6368316 19324508+4143411 0 19 32 45.09 +41 43 41.1 2 15.049 13.865 15.084 0 5440 4.559 0.128 0.608 4 0.054 0.056 0.079 0.054 6368316 6368316 6368316 6368316 3530.190 3328.280 3431.892 3469.383 78 77 74 74
6370361 19351209+4146232 0 19 35 12.09 +41 46 23.3 2 13.189 12.330 13.210 0 6509 4.089 0.153 0.313 4 0.015 0.015 0.024 0.019 6370361 6370361 6370361 6370361 9962.696 9850.953 9949.639 9946.512 452 452 449 448
6370665 19353496+4145362 0 19 35 34.96 +41 45 36.3 2 13.947 13.061 13.999 0 7386 3.639 0.255 0.207 4 0.082 0.043 0.070 0.051 6370665 6370665 6370665 6370665 6428.430 6310.757 6390.610 6348.360 415 419 420 415
6390205 19543951+4146480 0 19 54 39.51 +41 46 48.0 2 12.530 11.881 12.545 0 8254 3.960 0.231 0.059 4 0.017 0.019 0.029 0.016 6390205 6390205 6390205 6390205 13313.596 13233.091 13124.104 13326.399 344 349 349 346
6424124 18572186+4150193 0 18 57 21.86 +41 50 19.3 2 13.930 12.801 13.979 0 5797 4.159 0.121 0.493 4 0.033 0.028 0.038 0.024 6424124 6424124 6424124 6424124 6374.166 6437.174 6357.706 6515.609 337 338 335 335
6431545 19111888+4148177 0 19 11 18.88 +41 48 17.8 2 13.790 12.602 13.853 0 5459 4.211 0.108 0.631 4 0.109 0.070 0.089 0.144 6431545 6431545 6431545 6431545 6688.650 6875.322 6759.069 6713.264 122 125 126 121
6447430 19331120+4152267 0 19 33 11.20 +41 52 26.8 2 11.401 10.861 11.405 0 8010 3.784 0.166 0.016 4 0.007 0.007 0.010 0.006 6447430 6447430 6447430 6447430 24649.839 24569.226 24573.036 24593.216 207 207 204 204
6467389 19532604+4153291 0 19 53 26.04 +41 53 29.1 2 13.100 11.958 13.132 0 5183 4.345 0.076 0.661 4 0.022 0.023 0.037 0.024 6467389 6467389 6467389 6467389 10006.445 9790.791 9736.211 9896.988 489 485 485 489
6471048 19563075+4149418 0 19 56 30.76 +41 49 41.9 2 12.784 11.292 12.836 0 4850 4.186 0.066 0.746 4 0.033 0.027 0.032 0.027 6471048 6471048 6471048 6471048 11275.188 11259.009 11194.826 11265.735 55 54 59 60
6504095 18595062+4156487 0 18 59 50.63 +41 56 48.8 2 14.788 13.657 14.842 0 5679 4.422 0.123 0.547 4 0.045 0.046 0.057 0.035 6504095 6504095 6504095 6504095 3854.742 4013.213 3966.735 4127.616 260 263 263 259
6521123 19253839+4155433 0 19 25 38.39 +41 55 43.4 2 14.471 13.393 14.551 0 5550 4.583 0.107 0.626 4 0.042 0.045 0.070 0.031 6521123 6521123 6521123 6521123 4824.897 4613.880 4637.649 4793.611 255 255 251 251
6529902 19363486+4157136 0 19 36 34.86 +41 57 13.6 2 15.270 14.282 15.311 0 6408 4.506 0.188 0.415 4 0.054 0.062 0.081 0.080 6529902 6529902 6529902 6529902 2995.094 2971.887 2954.994 2884.302 361 362 365 365
6615041 19372686+4202452 0 19 37 26.87 +42 02 45.3 2 13.825 12.833 13.877 0 5718 4.444 0.110 0.531 4 0.028 0.032 0.038 0.028 6615041 6615041 6615041 6615041 6992.018 6839.509 6974.233 6957.384 193 193 197 197
6677225 19083295+4208400 0 19 08 32.95 +42 08 40.1 2 13.668 12.692 13.715 0 7163 4.027 0.165 0.191 4 0.032 0.026 0.037 0.035 6677225 6677225 6677225 6677225 7497.681 7674.400 7531.127 7665.907 456 453 453 456
6689368 19244266+4211559 0 19 24 42.67 +42 11 55.7 2 12.915 12.090 12.982 0    0.412 4 0.014 0.019 0.023 0.011 6689368 6689368 6689368 6689368 11361.252 11007.033 11074.286 11334.861 255 254 251 250
6791604 19424213+4214261 0 19 42 42.13 +42 14 26.2 2 13.870 13.000 13.924 0 7346 4.088 0.221 0.218 4 0.026 0.024 0.046 0.019 6791604 6791604 6791604 6791604 6752.714 6929.529 6682.969 6787.853 225 230 229 226
6803335 19524980+4212041 0 19 52 49.81 +42 12 04.1 2 12.155 11.037 12.118 0    0.486 4 0.011 0.012 0.020 0.010 6803335 6803335 6803335 6803335 16813.093 16799.303 16722.578 16805.170 194 189 190 194
6838978 18501731+4223437 0 18 50 17.31 +42 23 43.8 2 11.826 10.916 11.900 0 6150 4.231 0.071 0.358 4 0.012 0.006 0.014 0.010 6838978 6838978 6838978 6838978 17966.621 17747.650 18351.978 17534.217 86 89 90 84
6843507 18583464+4223559 0 18 58 34.65 +42 23 56.0 2 15.046 13.801 15.093 0 5489 4.407 0.123 0.594 4 0.073 0.049 0.072 0.045 6843507 6843507 6843507 6843507 3247.067 3491.151 3416.327 3483.256 215 214 217 217
6861400 19251529+4219166 0 19 25 15.30 +42 19 16.6 2 12.677 11.753 12.749 0 6484 4.177 0.117 0.321 4 0.018 0.025 0.027 0.013 6861400 6861400 6861400 6861400 12687.351 12417.934 12488.193 12672.180 362 358 358 365
6871716 19371619+4218190 0 19 37 16.19 +42 18 19.0 2 14.803 13.647 14.861 0 5657 4.365 0.151 0.590 4 0.045 0.045 0.072 0.052 6871716 6871716 6871716 6871716 4075.962 3863.987 3994.198 3854.031 100 100 104 104
6964796 19444726+4225495 0 19 44 47.26 +42 25 49.5 2 12.557 11.509 12.611 0 5657 4.285 0.081 0.501 4 0.024 0.017 0.027 0.030 6964796 6964796 6964796 6964796 13420.103 13511.748 13384.983 13453.861 205 209 209 204
6966265 19460848+4226136 0 19 46 08.48 +42 26 13.7 2 14.502 13.457 14.550 0 5460 4.375 0.133 0.663 4 0.039 0.030 0.066 0.039 6966265 6966265 6966265 6966265 4691.012 4846.469 4592.593 4776.168 101 105 105 100
7013934 18571684+4232204 0 18 57 16.84 +42 32 20.5 2 12.924 12.227 12.940 0 7699 3.711 0.159 0.066 4 0.017 0.016 0.026 0.019 7013934 7013934 7013934 7013934 11297.859 11369.637 11340.983 11408.761 151 147 147 151
7035139 19290807+4235404 0 19 29 08.07 +42 35 40.4 2 15.437 14.365 15.480 0 5656 4.408 0.164 0.604 4 0.146 0.217 0.222 0.129 7035139 7035139 7035139 7035139 2757.219 2384.566 2468.888 2718.419 26 26 30 31
7037319 19314764+4230304 0 19 31 47.64 +42 30 30.4 2 13.649 12.801 13.712 0 7027 4.110 0.182 0.250 4 0.019 0.025 0.035 0.020 7037319 7037319 7037319 7037319 7525.131 7373.080 7142.653 7712.832 224 228 227 222
7118621 19281417+4238075 0 19 28 14.17 +42 38 07.5 2 14.081 13.223 14.136 0 5693 4.318 0.125 0.566 4 0.039 0.040 0.057 0.033 7118621 7118621 7118621 7118621 6050.593 5823.427 5867.251 6026.049 133 133 137 138
7118656 19281635+4238323 0 19 28 16.36 +42 38 32.4 2 14.995 13.708 15.033 0 5271 4.474 0.122 0.660 4 0.055 0.052 0.095 0.039 7118656 7118656 7118656 7118656 3608.562 3406.851 3417.078 3600.750 125 125 129 130
7119876 19294378+4240564 0 19 29 43.78 +42 40 56.5 2 14.970 13.916 15.015 0 5995 4.504 0.152 0.469 4 0.048 0.071 0.085 0.050 7119876 7119876 7119876 7119876 3580.422 3355.458 3106.511 3681.679 98 98 93 93
7130044 19410581+4240081 0 19 41 05.82 +42 40 08.2 2 14.261 12.502 14.302 0 5047 3.667 0.183 0.770 4 0.026 0.036 0.066 0.045 7130044 7130044 7130044 7130044 5602.099 5516.673 5339.743 5491.950 193 193 188 189
7173910 18444874+4244458 0 18 44 48.74 +42 44 45.9 2 14.326 13.217 14.360 0 5792 4.331 0.112 0.477 4 0.057 0.028 0.041 0.043 7173910 7173910 7173910 7173910 4146.584 3949.293 4625.311 3874.478 189 186 186 191
7199353 19255637+4244160 0 19 25 56.37 +42 44 16.0 2 14.428 13.057 14.490 0 5166 4.428 0.102 0.677 4 0.028 0.042 0.073 0.035 7199353 7199353 7199353 7199353 5025.170 4712.224 4732.424 4912.052 106 101 102 109
7217866 19462002+4245541 0 19 46 20.03 +42 45 54.1 2 13.806 12.705 13.865 0 5600 4.380 0.112 0.569 4 0.027 0.017 0.037 0.029 7217866 7217866 7217866 7217866 6959.915 7091.992 6933.461 6944.862 27 27 31 31
7259917 18530219+4250442 0 18 53 02.19 +42 50 44.1 2 12.132 10.799 12.132 0    0.333 4 0.027 0.020 0.025 0.026 7259917 7259917 7259917 7259917 15852.971 16687.119 16508.908 16223.490 120 124 125 119
7269797 19104788+4250407 0 19 10 47.89 +42 50 40.7 2 15.605 14.335 15.637 0 5163 4.609 0.116 0.690 4 0.079 0.065 0.041 0.046 7269797 7269797 7269797 7269797 2317.650 2103.405 2465.270 2362.068 104 103 98 100
7269843 19105282+4253189 0 19 10 52.82 +42 53 19.0 2 15.967 14.477 15.962 0 5002 4.555 0.124 0.692 4 0.101 0.093 0.097 0.072 7269843 7269843 7269843 7269843 1817.779 1686.123 2030.813 1846.564 131 127 127 132
7272739 19152572+4248451 0 19 15 25.73 +42 48 45.1 2 12.910 11.817 12.961 0 5192 3.759 0.112 0.712 4 0.037 0.020 0.028 0.032 7272739 7272739 7272739 7272739 10952.534 10740.888 11393.648 11052.206 302 304 308 307
7282128 19271595+4248094 0 19 27 15.95 +42 48 09.4 2 14.276 13.007 14.338 0 5363 4.587 0.093 0.620 4 0.033 0.045 0.053 0.027 7282128 7282128 7282128 7282128 5401.792 5175.184 5230.122 5488.790 174 170 171 177
7304911 19511689+4253075 0 19 51 16.90 +42 53 07.5 2 12.700 11.740 12.769 0 6683 3.925 0.169 0.275 4 0.025 0.021 0.026 0.024 7304911 7304911 7304911 7304911 12198.616 12240.450 12086.873 12198.357 48 51 52 49
7339123 18503405+4256469 0 18 50 34.05 +42 56 46.9 2 11.511 10.608 11.541 0 6138 4.212 0.065 0.343 4 0.008 0.005 0.009 0.007 7339123 7339123 7339123 7339123 21472.488 22152.062 22025.932 21811.659 55 55 52 50
7339345 18505683+4256483 0 18 50 56.83 +42 56 48.3 2 15.188 13.538 15.200 0 4877 4.382 0.101 0.727 4 0.082 0.052 0.079 0.060 7339345 7339345 7339345 7339345 2319.518 2996.808 2828.834 2556.184 106 106 102 101
7362751 19270652+4257044 0 19 27 06.52 +42 57 04.5 2 15.718 14.256 15.774 0 5079 4.513 0.133 0.716 4 0.087 0.096 0.145 0.052 7362751 7362751 7362751 7362751 2256.841 2104.402 2129.932 2293.026 47 42 43 49
7367833 19332037+4255188 0 19 33 20.38 +42 55 18.9 2 15.293 14.138 15.342 0 5799 4.580 0.151 0.532 4 0.065 0.068 0.078 0.060 7367833 7367833 7367833 7367833 2797.626 2780.992 2683.806 3063.603 376 376 380 381
7387296 19522775+4258435 0 19 52 27.75 +42 58 43.6 2 11.069 10.595 11.055 0 8822 3.924 0.172 -0.055 4 0.005 0.004 0.007 0.005 7387296 7387296 7387296 7387296 28564.600 28605.296 28482.377 28704.029 31 34 34 32
7457163 19410572+4303359 0 19 41 05.73 +43 03 36.0 2 12.383 11.372 12.442 0 6155 4.115 0.107 0.371 4 0.009 0.009 0.018 0.011 7457163 7457163 7457163 7457163 14877.281 14898.017 14742.894 14817.313 95 90 90 94
7458285 19421027+4302570 0 19 42 10.27 +43 02 57.1 2 13.497 12.423 13.519 0 6536 3.807 0.204 0.331 4 0.020 0.016 0.028 0.024 7458285 7458285 7458285 7458285 8497.493 8570.510 8413.930 8506.198 191 187 186 191
7501230 18452694+4309108 0 18 45 26.95 +43 09 10.9 2 12.398 11.644 12.447 0 6977 4.142 0.106 0.199 4 0.020 0.011 0.021 0.014 7501230 7501230 7501230 7501230 13399.938 13338.297 13373.575 12843.495 24 27 28 23
7506164 18545141+4306516 0 18 54 51.41 +43 06 51.6 2 13.658 12.989 13.682 0 7576 3.733 0.158 0.097 4 0.039 0.019 0.041 0.030 7506164 7506164 7506164 7506164 6649.088 7500.911 7298.907 7089.812 126 131 131 126
7512381 19055994+4307498 0 19 05 59.94 +43 07 49.8 2 12.709 11.307 12.737 0 5911 4.193 0.092 0.421 4 0.018 0.024 0.015 0.013 7512381 7512381 7512381 7512381 12107.703 12541.465 12410.916 12849.258 316 314 319 319
7516345 19121500+4307392 0 19 12 15.00 +43 07 39.3 2 12.268 11.675 12.325 0 6885 4.246 0.104 0.229 4 0.063 0.027 0.023 0.030 7516345 7516345 7516345 7516345 14894.397 15050.964 15525.836 15360.580 82 79 78 83
7518816 19155176+4306271 0 19 15 51.77 +43 06 27.1 2 12.804 11.701 12.846 0 6087 4.163 0.105 0.386 4 0.026 0.014 0.020 0.016 7518816 7518816 7518816 7518816 11706.836 11483.091 12072.933 11906.230 92 94 98 97
7542091 19425200+4309527 0 19 42 52.01 +43 09 52.7 2 12.286 11.269 12.343 0 5673 3.968 0.101 0.514 4 0.011 0.010 0.017 0.010 7542091 7542091 7542091 7542091 15533.771 15602.806 15481.296 15580.288 157 152 152 157
7584739 18490986+4317022 0 18 49 09.87 +43 17 02.2 2 13.318 12.811 13.380 0 6772 4.127 0.125 0.248 4 0.033 0.017 0.026 0.026 7584739 7584739 7584739 7584739 7636.846 8475.203 8356.628 8097.095 66 67 62 60
7597095 19122924+4312285 0 19 12 29.24 +43 12 28.5 2 14.177 12.797 14.199 0 4915 4.535 0.071 0.677 4 0.034 0.021 0.038 0.028 7597095 7597095 7597095 7597095 5589.646 5443.852 5906.995 5705.607 46 42 41 46
7610486 19305556+4314415 0 19 30 55.56 +43 14 41.5 2 15.614 14.537 15.684 0 5682 4.682 0.145 0.623 4 0.057 0.093 0.110 0.052 7610486 7610486 7610486 7610486 2237.844 2212.621 2012.833 2437.876 155 150 151 156
7657914 18395228+4323084 0 18 39 52.29 +43 23 08.4 2 12.849 12.163 12.906 0 6794 4.106 0.112 0.227 4 0.030 0.016 0.028 0.018 7657914 7657914 7657914 7657914 9897.160 9875.746 9930.724 9260.229 44 48 40 42
7676610 19190560+4323171 0 19 19 05.61 +43 23 17.1 2 12.649 12.058 12.641 0 8493 3.878 0.185 -0.031 4 0.013 0.010 0.022 0.015 7676610 7676610 7676610 7676610 13253.200 12439.947 12950.081 13067.252 22 60 18 57
7685693 19313065+4322014 0 19 31 30.66 +43 22 01.4 2 13.879 12.217 13.946 0 4792 3.415 0.168 0.924 4 0.122 0.072 0.121 0.039 7685693 7685693 7685693 7685693 6303.629 6254.482 5995.163 6717.563 110 106 107 112
7697065 19452883+4321081 0 19 45 28.84 +43 21 08.1 2 15.101 13.688 15.115 0 5126 4.560 0.117 0.652 4 0.067 0.067 0.092 0.053 7697065 7697065 7697065 7697065 3490.518 3435.374 3366.451 3479.964 28 30 25 23
7698650 19471339+4323077 0 19 47 13.40 +43 23 07.7 2 15.195 14.150 15.228 0 6107 4.643 0.163 0.446 4 0.064 0.051 0.085 0.058 7698650 7698650 7698650 7698650 3158.648 3170.057 3056.067 3308.204 293 296 290 288
7709086 19564489+4322168 0 19 56 44.89 +43 22 16.8 2 15.752 14.602 15.810 0 5512 4.951 0.126 0.614 4 0.166 0.147 0.352 0.057 7709086 7709086 7709086 7709086 1907.465 1679.131 1493.164 1814.893 17 22 21 18
7744173 19135718+4328525 0 19 13 57.19 +43 28 52.5 2 13.630 12.756 13.687 0 5922 4.347 0.109 0.470 4 0.034 0.032 0.027 0.021 7744173 7744173 7744173 7744173 7446.551 7510.842 7725.930 7750.443 17 21 23 17
7816201 19185986+4332362 0 19 18 59.87 +43 32 36.3 2 11.941 11.054 12.018 0    0.020 4 0.010 0.007 0.020 0.010 7816201 7816201 7816201 7816201 18087.122 17239.621 17881.863 17998.960 87 125 83 122
7830460 19375958+4335017 0 19 37 59.58 +43 35 01.8 2 12.034 11.301 12.080 0 7269 3.860 0.159 0.184 4 0.007 0.013 0.016 0.009 7830460 7830460 7830460 7830460 17504.605 17716.110 17126.187 17699.167 162 164 159 160
7835348 19435481+4334225 0 19 43 54.82 +43 34 22.6 2 15.340 14.253 15.385 0 5960 4.581 0.166 0.530 4 0.052 0.078 0.125 0.080 7835348 7835348 7835348 7835348 2606.735 2992.026 2421.485 2840.855 21 20 25 25
7839027 19480446+4331479 0 19 48 04.46 +43 31 48.0 2 13.788 13.010 13.842 0 7500 3.752 0.266 0.216 4 0.096 0.077 0.102 0.092 7839027 7839027 7839027 7839027 6886.692 7006.819 6751.672 6919.739 284 281 280 283
7871200 18505237+4340120 0 18 50 52.37 +43 40 12.1 2 12.783 11.548 12.799 0 4644 4.534 0.034 0.847 4 0.019 0.011 0.017 0.016 7871200 7871200 7871200 7871200 11022.313 11833.999 11618.818 11372.758 170 166 166 170
7877062 19033572+4336124 0 19 03 35.73 +43 36 12.4 2 13.766 12.843 13.827 0 5484 4.400 0.090 0.592 4 0.022 0.030 0.041 0.025 7877062 7877062 7877062 7877062 6696.756 6961.241 6781.653 7269.975 5 1 1 5
7879404 19083008+4336041 0 19 08 30.08 +43 36 04.1 2 11.811 9.755 11.835 0 4291 2.095 0.154 1.137 4 0.234 0.119 0.125 0.139 7879404 7879404 7879404 7879404 17020.366 17392.763 18445.210 18266.823 189 189 182 185
7881722 19130561+4341517 0 19 13 05.61 +43 41 51.7 2 13.564 12.983 13.585 0 7762 3.629 0.187 0.087 4 0.028 0.025 0.025 0.017 7881722 7881722 7881722 7881722 7907.937 8035.231 8182.529 8217.910 166 167 173 171
7889628 19251660+4337126 0 19 25 16.60 +43 37 12.6 2 15.020 13.852 15.081 0 5746 4.505 0.139 0.543 4 0.058 0.064 0.077 0.068 7889628 7889628 7889628 7889628 3350.062 2754.672 3273.785 3199.618 34 72 38 75
7950962 19133835+4342257 0 19 13 38.36 +43 42 25.8 2 10.629 9.945 10.678 0 6800 3.964 0.078 0.198 4 0.078 0.078 0.078 0.076 7950962 7950962 7950962 7950962 33501.591 33616.065 33582.020 33717.734 87 88 94 91
7973882 19452649+4343098 0 19 45 26.49 +43 43 09.8 2 15.189 13.773 15.208 0 5314 4.426 0.145 0.626 4 0.052 0.051 0.068 0.055 7973882 7973882 7973882 7973882 3209.259 3211.992 3142.520 3265.160 72 75 76 72
7977261 19491134+4346376 0 19 49 11.34 +43 46 37.7 2 13.102 12.196 13.146 0 6146 4.359 0.110 0.392 4 0.019 0.015 0.019 0.017 7977261 7977261 7977261 7977261 10262.539 10306.267 10244.382 10355.423 174 171 170 173
8004839 18405241+4353240 0 18 40 52.41 +43 53 24.1 2 15.104 13.987 15.129 0 5660 4.356 0.119 0.537 4 0.095 0.062 0.083 0.051 8004839 8004839 8004839 8004839 2518.457 2608.918 2751.724 2343.244 79 76 75 81
8035743 19365144+4352354 0 19 36 51.44 +43 52 35.4 2 14.938 13.727 14.988 0 5615 4.461 0.141 0.568 4 0.050 0.079 0.095 0.079 8035743 8035743 8035743 8035743 3408.117 3634.121 3061.226 3598.591 136 139 133 134
8039225 19411698+4352208 0 19 41 16.98 +43 52 20.9 2 13.165 12.160 13.191 0 6426 4.056 0.152 0.322 4 0.011 0.019 0.023 0.015 8039225 8039225 8039225 8039225 9854.329 10095.943 9486.686 10120.781 262 260 265 265
8053107 19554729+4352593 0 19 55 47.29 +43 52 59.3 2 13.653 12.910 13.659 0 6080 4.226 0.148 0.470 4 0.043 0.041 0.079 0.031 8053107 8053107 8053107 8053107 7376.826 7142.765 6896.201 7278.737 260 262 255 255
8074045 18420062+4358401 0 18 42 00.62 +43 58 40.1 2 13.574 13.032 13.639 0 6754 4.150 0.123 0.259 4 0.042 0.025 0.025 0.021 8074045 8074045 8074045 8074045 6627.861 6610.206 6719.611 6227.368 137 135 134 139
8108785 19422478+4355322 0 19 42 24.78 +43 55 32.3 2 14.714 13.125 14.757 0 4354 4.610 0.053 1.067 4 0.037 0.044 0.058 0.040 8108785 8108785 8108785 8108785 3878.850 4240.191 3793.975 4275.222 78 76 82 81
8111387 19452811+4357193 0 19 45 28.12 +43 57 19.4 2 13.138 12.102 13.185 0 6062 4.317 0.111 0.411 4 0.014 0.015 0.021 0.013 8111387 8111387 8111387 8111387 10072.766 10097.073 10171.866 10157.042 256 259 260 257
8122124 19560469+4357272 0 19 56 04.69 +43 57 27.2 2 13.615 12.465 13.638 0 6250 3.787 0.215 0.430 4 0.055 0.076 0.096 0.063 8122124 8122124 8122124 8122124 7375.291 7164.681 6775.859 7237.486 333 334 328 328
8143757 18455646+4400347 0 18 45 56.46 +44 00 34.8 2 14.718 13.586 14.761 0 5847 4.357 0.119 0.466 4 0.155 0.059 0.062 0.092 8143757 8143757 8143757 8143757 3176.656 3590.493 3705.258 3531.568 71 72 66 65
8177958 19432632+4404166 0 19 43 26.32 +44 04 16.6 2 11.895 11.175 11.953 0 6681 4.363 0.086 0.232 4 0.008 0.008 0.010 0.007 8177958 8177958 8177958 8177958 18823.930 18808.617 18907.448 19008.829 53 55 51 48
8190491 19562155+4404014 0 19 56 21.55 +44 04 01.5 2 14.232 13.141 14.250 0 5972 4.474 0.139 0.414 4 0.041 0.040 0.091 0.038 8190491 8190491 8190491 8190491 5286.668 5069.466 4723.467 5189.704 419 421 414 414
8190613 19562919+4402151 0 19 56 29.20 +44 02 15.1 2 15.091 13.644 15.126 0 5384 4.364 0.159 0.639 4 0.092 0.097 0.203 0.115 8190613 8190613 8190613 8190613 3064.797 2902.148 2569.155 2852.988 426 427 420 421
8192840 19584987+4402196 0 19 58 49.87 +44 02 19.6 2 13.441 12.462 13.466 0 6136 4.313 0.132 0.405 4 0.068 0.073 0.091 0.062 8192840 8192840 8192840 8192840 7860.991 7735.258 7401.508 7828.435 254 252 259 260
8241252 19382222+4411352 0 19 38 22.22 +44 11 35.3 2 14.842 13.826 14.876 0 5932 4.463 0.152 0.505 4 0.049 0.050 0.068 0.050 8241252 8241252 8241252 8241252 3700.723 3939.603 3474.664 3932.734 84 79 79 84
8242493 19395310+4410588 0 19 39 53.10 +44 10 58.8 2 14.634 13.320 14.697 0 4985 4.259 0.119 0.837 4 0.049 0.071 0.071 0.046 8242493 8242493 8242493 8242493 4213.307 4315.421 3841.155 4304.417 215 210 210 215
8257903 19563588+4407058 0 19 56 35.88 +44 07 05.8 2 13.482 12.423 13.521 0 5930 4.191 0.138 0.482 4 0.021 0.029 0.066 0.033 8257903 8257903 8257903 8257903 7929.248 7829.631 7440.176 7807.737 467 462 462 466
8263940 20031977+4410348 0 20 03 19.78 +44 10 34.8 2 13.409 12.635 13.458 0 7639 3.890 0.267 0.194 4 0.032 0.122 0.203 0.036 8263940 8263940 8263940 8263940 7253.845 6690.614 6551.265 7358.081 191 196 194 192
8265951 20052368+4411165 0 20 05 23.68 +44 11 16.5 2 12.676 11.573 12.734 0 7044 3.871 0.202 0.233 4 0.019 0.018 0.046 0.026 8265951 8265951 8265951 8265951 11037.434 10318.981 10819.979 10879.197 55 60 58 56
8309175 19403746+4414069 0 19 40 37.47 +44 14 07.0 2 15.267 13.951 15.280 0 5473 4.381 0.157 0.600 4 0.053 0.071 0.084 0.066 8309175 8309175 8309175 8309175 2839.952 3061.369 2509.097 3102.552 192 190 195 195
8311255 19431626+4412221 0 19 43 16.26 +44 12 22.1 2 13.608 12.523 13.666 0    0.409 4 0.023 0.020 0.033 0.019 8311255 8311255 8311255 8311255 7839.413 7801.722 7763.945 7929.418 90 92 87 84
8330092 20033492+4414500 0 20 03 34.93 +44 14 50.1 2 13.415 12.502 13.484 0 6902 4.119 0.195 0.277 4 0.038 0.041 0.082 0.039 8330092 8330092 8330092 8330092 7323.858 6784.125 7124.078 7262.364 230 236 234 232
8382182 19490121+4422360 0 19 49 01.22 +44 22 36.0 2 8.237 8.122 8.183 0 9207 4.249 0.049 -0.215 4 0.058 0.055 0.087 0.074 8382182 8382182 8382182 8382182 109813.885 108475.279 110136.543 110030.112 28 30 31 35
8394040 20011100+4420579 0 20 01 11.00 +44 20 58.0 2 14.425 13.271 14.457 0 5697 4.306 0.157 0.546 4 0.039 0.036 0.120 0.060 8394040 8394040 8394040 8394040 4264.644 3840.954 4000.582 4180.586 135 134 129 127
8431389 19281223+4428255 0 19 28 12.24 +44 28 25.5 2 14.548 13.384 14.592 0 5654 4.432 0.126 0.532 4 0.044 0.040 0.050 0.056 8431389 8431389 8431389 8431389 4423.946 4528.154 3871.485 4338.162 318 357 322 359
8452840 19545099+4429042 0 19 54 50.99 +44 29 04.2 2 12.574 11.489 12.594 0 6473 3.077 0.266 0.428 4 0.026 0.023 0.039 0.025 8452840 8452840 8452840 8452840 13169.151 13018.253 12736.100 13064.008 42 37 37 41
8539850 18481764+4441126 0 18 48 17.65 +44 41 12.7 2 13.882 13.269 13.924 0 7238 3.857 0.144 0.170 4 0.047 0.028 0.053 0.037 8539850 8539850 8539850 8539850 5850.732 6199.133 6298.685 6179.480 267 267 272 273
8545456 19002273+4439585 0 19 00 22.73 +44 39 58.5 2 11.714 11.191 11.724 0 7855 3.874 0.131 0.040 4 0.008 0.006 0.011 0.010 8545456 8545456 8545456 8545456 21068.049 21135.171 21077.894 20979.640 230 228 233 235
8548416 19070925+4437104 0 19 07 09.26 +44 37 10.5 2 13.279 12.825 13.340 0    0.486 4 0.043 0.013 0.021 0.023 8548416 8548416 8548416 8548416 8607.289 9383.794 9009.970 9254.960 10 15 15 10
8555573 19203765+4437567 0 19 20 37.66 +44 37 56.7 2 14.495 13.308 14.534 0 5564 4.305 0.128 0.572 4 0.055 0.044 0.092 0.052 8555573 8555573 8555573 8555573 3940.811 4545.143 4427.210 4525.441 168 207 172 209
8563964 19333746+4437197 0 19 33 37.47 +44 37 19.7 2 12.885 11.760 12.942 0    0.482 4 0.016 0.017 0.031 0.020 8563964 8563964 8563964 8563964 11493.436 11573.804 11149.774 11277.335 33 30 26 26
8579707 19524956+4439526 0 19 52 49.56 +44 39 52.7 2 11.472 10.537 11.544 0 6244 4.289 0.069 0.340 4 0.007 0.008 0.015 0.008 8579707 8579707 8579707 8579707 22403.578 22229.572 21820.240 22469.135 159 161 154 155
8587792 20010785+4440131 0 20 01 07.85 +44 40 13.1 2 11.765 10.728 11.817 0 5731 4.511 0.050 0.451 4 0.018 0.016 0.025 0.012 8587792 8587792 8587792 8587792 18548.720 17981.540 18488.690 18518.676 252 252 248 246
8590274 20034859+4438315 0 20 03 48.59 +44 38 31.5 2 15.014 13.522 15.018 0 5056 4.318 0.144 0.687 4 0.040 0.080 0.152 0.073 8590274 8590274 8590274 8590274 2975.572 2469.434 2702.982 2836.010 390 391 394 397
8652599 20011170+4445265 0 20 01 11.70 +44 45 26.5 2 13.387 12.071 13.435 0    0.554 4 0.041 0.036 0.075 0.047 8652599 8652599 8652599 8652599 7782.809 7269.116 7590.150 7668.776 282 277 278 281
8690104 19283786+4452243 0 19 28 37.86 +44 52 24.4 2 14.815 13.766 14.871 0 5868 4.724 0.116 0.506 4 0.055 0.053 0.079 0.097 8690104 8690104 8690104 8690104 3716.205 3818.897 3197.732 3646.050 68 107 72 109
8696274 19375831+4449559 0 19 37 58.31 +44 49 55.9 2 14.046 12.973 14.099 0    0.482 4 0.044 0.060 0.135 0.099 8696274 8696274 8696274 8696274 5747.792 6085.921 5610.127 5729.547 60 65 65 60
8703528 19471883+4448075 0 19 47 18.83 +44 48 07.6 2 12.952 11.619 13.034 0 5285 3.703 0.136 0.741 4 0.028 0.026 0.040 0.022 8703528 8703528 8703528 8703528 10796.312 10876.143 10821.353 10909.893 98 97 101 104
8715667 20000654+4449049 0 20 00 06.54 +44 49 05.0 2 13.393 12.221 13.410 0 5527 3.734 0.174 0.609 4 0.030 0.032 0.063 0.026 8715667 8715667 8715667 8715667 8046.633 7440.904 7797.921 7944.894 156 151 151 155
8800998 18530597+4505022 0 18 53 05.98 +45 05 02.2 2 13.740 13.291 13.721 0 8616 3.837 0.152 -0.076 4 0.024 0.028 0.036 0.019 8800998 8800998 8800998 8800998 7336.966 7538.947 7399.064 7428.246 96 98 93 91
8823666 19345017+4500379 0 19 34 50.17 +45 00 38.0 2 12.578 11.678 12.638 0 5959 4.440 0.077 0.434 4 0.024 0.032 0.036 0.038 8823666 8823666 8823666 8823666 13286.036 13418.787 13017.854 13141.750 381 378 373 374
8872737 19053850+4506233 0 19 05 38.51 +45 06 23.3 2 15.678 14.403 15.748 0 5338 4.754 0.110 0.667 4 0.088 0.054 0.096 0.090 8872737 8872737 8872737 8872737 1876.186 2241.632 2042.616 2294.999 415 416 418 420
8904448 19513156+4507348 0 19 51 31.57 +45 07 34.9 2 13.840 13.045 13.879 0 7820 3.620 0.281 0.158 4 0.022 0.028 0.063 0.028 8904448 8904448 8904448 8904448 6696.981 6302.971 5805.086 6672.109 170 172 165 166
8957887 19343856+4515152 0 19 34 38.57 +45 15 15.3 2 15.397 14.185 15.430 0 5367 4.408 0.147 0.683 4 0.105 0.087 0.194 0.127 8957887 8957887 8957887 8957887 2798.901 2852.691 2469.516 2613.233 438 433 433 437
8982514 20012483+4516248 0 20 01 24.84 +45 16 24.8 2 13.128 12.102 13.226 0 5635 4.352 0.095 0.555 4 0.029 0.028 0.057 0.022 8982514 8982514 8982514 8982514 8870.764 8030.453 8280.963 8152.969 118 124 122 119
9002076 18522087+4523253 0 18 52 20.88 +45 23 25.3 2 12.194 11.352 12.256 0 6434 4.299 0.080 0.300 4 0.012 0.016 0.022 0.018 9002076 9002076 9002076 9002076 15849.460 15941.539 15858.335 15826.303 173 175 170 168
9020289 19245409+4519320 0 19 24 54.09 +45 19 32.1 2 14.692 13.702 14.741 0 5997 4.770 0.111 0.439 4 0.051 0.099 0.056 0.055 9020289 9020289 9020289 9020289 3956.489 3968.938 4104.042 3525.982 352 391 357 393
9026766 19341881+4518354 0 19 34 18.82 +45 18 35.5 2 14.937 13.532 14.998 0 4880 4.703 0.080 0.775 4 0.060 0.110 0.232 0.208 9026766 9026766 9026766 9026766 3626.487 3641.552 3191.911 3343.320 368 363 363 367
9030509 19391444+4523360 0 19 39 14.44 +45 23 36.0 2 14.436 13.050 14.480 0 5172 4.386 0.108 0.661 4 0.021 0.034 0.043 0.043 9030509 9030509 9030509 9030509 4650.556 5061.327 4387.264 4723.008 60 60 56 55
9030817 19394154+4519372 0 19 39 41.54 +45 19 37.2 2 13.742 12.840 13.810 0 6266 4.521 0.117 0.375 4 0.024 0.018 0.047 0.048 9030817 9030817 9030817 9030817 6922.587 7331.798 6526.310 6959.019 92 92 88 87
9032671 19420240+4518447 0 19 42 02.41 +45 18 44.7 2 12.938 11.438 12.982 0 4807 3.889 0.090 0.799 4 0.009 0.010 0.015 0.020 9032671 9032671 9032671 9032671 10942.676 11397.156 10629.296 11035.296 113 117 117 113
9051723 20012447+4518256 0 20 01 24.48 +45 18 25.7 2 15.241 13.807 15.292 0 5213 4.298 0.164 0.759 4 0.052 0.084 0.164 0.070 9051723 9051723 9051723 9051723 2614.900 2109.011 2123.901 2033.887 146 152 150 147
9071104 18515664+4524288 0 18 51 56.64 +45 24 28.8 2 13.580 12.641 13.651 0 5959 4.470 0.091 0.434 4 0.016 0.024 0.034 0.025 9071104 9071104 9071104 9071104 7676.547 7770.351 7648.716 7679.979 133 135 130 128
9071373 18523817+4524564 0 18 52 38.18 +45 24 56.3 2 13.018 11.960 13.069 0    0.722 4 0.011 0.015 0.022 0.015 9071373 9071373 9071373 9071373 10455.782 10622.903 10403.155 10499.881 212 209 209 212
9087918 19255613+4525018 0 19 25 56.14 +45 25 01.8 2 14.431 13.287 14.486 0 5675 4.590 0.107 0.534 4 0.046 0.051 0.072 0.037 9087918 9087918 9087918 9087918 4638.825 4670.999 4724.849 4143.168 169 208 173 211
9094335 19352239+4529281 0 19 35 22.39 +45 29 28.1 2 15.322 14.134 15.360 0 5530 4.481 0.146 0.622 4 0.128 0.137 0.217 0.119 9094335 9094335 9094335 9094335 2922.000 2959.121 2594.219 2830.493 313 308 308 313
9097798 19394202+4528516 0 19 39 42.02 +45 28 51.7 2 14.539 13.382 14.581 0 5592 4.396 0.131 0.562 4 0.031 0.031 0.060 0.038 9097798 9097798 9097798 9097798 4533.088 4823.892 4094.339 4531.019 163 163 159 158
9108579 19513597+4527596 0 19 51 35.98 +45 27 59.7 2 11.501 10.625 11.560 0 6386 3.850 0.112 0.310 4 0.006 0.007 0.013 0.006 9108579 9108579 9108579 9108579 22377.733 22089.730 21717.804 22494.089 113 108 108 112
9110213 19531432+4525090 0 19 53 14.32 +45 25 09.0 2 15.946 14.335 15.986 0 4400 4.861 0.067 0.952 4 0.073 0.209 0.302 0.123 9110213 9110213 9110213 9110213 1688.267 1410.575 1227.451 1720.867 274 268 268 273
9114111 19574091+4525284 0 19 57 40.91 +45 25 28.5 2 14.744 13.317 14.792 0 5051 4.444 0.113 0.723 4 0.144 0.103 0.184 0.125 9114111 9114111 9114111 9114111 3569.717 3028.338 3145.909 3046.315 66 65 61 60
9145707 19105939+4531049 0 19 10 59.39 +45 31 04.9 2 14.705 13.353 14.750 0 5399 4.308 0.121 0.601 4 0.034 0.038 0.062 0.046 9145707 9145707 9145707 9145707 3903.064 4325.416 4009.726 4008.477 68 69 63 64
9179806 19595805+4531148 0 19 59 58.06 +45 31 14.8 2 15.164 13.699 15.173 0 5189 4.343 0.152 0.679 4 0.099 0.121 0.197 0.124 9179806 9179806 9179806 9179806 2884.429 2193.620 2317.254 2337.799 421 426 425 422
9205351 19013268+4540025 0 19 01 32.68 +45 40 02.5 2 15.228 13.913 15.304 0 5046 4.503 0.103 0.797 4 0.199 0.272 0.151 0.210 9205351 9205351 9205351 9205351 2839.209 2851.706 2888.347 2958.629 205 210 210 205
9228778 19430648+4540247 0 19 43 06.49 +45 40 24.8 2 11.971 10.945 12.038 0    0.314 4 0.008 0.007 0.011 0.012 9228778 9228778 9228778 9228778 17732.059 18232.040 17568.868 17856.818 303 303 307 308
9237755 19533140+4537396 0 19 53 31.41 +45 37 39.7 2 14.149 12.852 14.219 0 5176 4.537 0.089 0.678 4 0.048 0.053 0.087 0.036 9237755 9237755 9237755 9237755 5364.683 4878.808 4543.809 5440.467 127 122 122 126
9245929 20025780+4537402 0 20 02 57.81 +45 37 40.2 2 15.477 14.002 15.538 0 5093 4.552 0.135 0.739 4 0.096 0.096 0.189 0.063 9245929 9245929 9245929 9245929 2215.054 1625.113 1761.913 1653.555 123 125 127 130
9268105 19011045+4547587 0 19 01 10.46 +45 47 58.7 2 13.533 12.528 13.604 0 6046 4.425 0.097 0.416 4 0.020 0.016 0.027 0.016 9268105 9268105 9268105 9268105 8068.013 8168.927 8063.345 8193.544 335 341 340 336
9272276 19105945+4543171 0 19 10 59.45 +45 43 17.1 2 13.134 11.913 13.160 0 5560 4.294 0.084 0.500 4 0.013 0.012 0.027 0.026 9272276 9272276 9272276 9272276 9786.272 10294.907 9996.143 9976.178 174 175 169 169
9274472 19155869+4546448 0 19 15 58.69 +45 46 44.9 2 13.836 12.582 13.919 0 5112 4.404 0.080 0.706 4 0.023 0.021 0.034 0.029 9274472 9274472 9274472 9274472 6261.270 6882.335 6586.911 6531.111 26 31 29 24
9283826 19321086+4544089 0 19 32 10.86 +45 44 09.0 2 13.001 11.951 13.092 0 5674 4.728 0.060 0.511 4 0.016 0.017 0.035 0.021 9283826 9283826 9283826 9283826 10651.812 10470.191 10252.658 9993.193 134 139 139 135
9290838 19423603+4547021 0 19 42 36.03 +45 47 02.1 2 15.453 14.196 15.498 0 5395 4.784 0.117 0.616 4 0.084 0.066 0.071 0.093 9290838 9290838 9290838 9290838 2345.737 2639.752 2296.952 2547.792 324 325 329 330
9345163 19314645+4549346 0 19 31 46.45 +45 49 34.7 2 15.412 13.823 15.458 0 4799 4.523 0.103 0.804 4 0.045 0.070 0.111 0.068 9345163 9345163 9345163 9345163 2774.254 2585.999 2553.299 2362.050 238 243 243 239
9350889 19402202+4550341 0 19 40 22.02 +45 50 34.2 2 13.523 12.821 13.572 0 6725 4.203 0.156 0.303 4 0.020 0.020 0.027 0.028 9350889 9350889 9350889 9350889 7937.666 8347.496 7650.647 8083.508 417 417 413 412
9353234 19433028+4551181 0 19 43 30.29 +45 51 18.1 2 13.725 13.271 13.725 0 8595 4.212 0.218 0.000 4 0.022 0.022 0.028 0.030 9353234 9353234 9353234 9353234 7219.856 7654.669 7034.904 7426.329 168 168 172 173
9365025 19572829+4553023 0 19 57 28.30 +45 53 02.4 2 11.885 11.303 11.902 0 8012 3.649 0.219 0.068 4 0.009 0.009 0.020 0.007 9365025 9365025 9365025 9365025 18412.347 17503.441 17757.872 17651.798 205 200 201 204
9388304 18543025+4555217 0 18 54 30.26 +45 55 21.7 2 15.906 14.602 15.969 0 5221 4.892 0.096 0.685 4 0.259 0.379 0.419 0.530 9388304 9388304 9388304 9388304 1559.044 1748.633 1638.876 1603.679 35 31 30 34
9389122 18562000+4556486 0 18 56 20.01 +45 56 48.7 2 14.213 12.976 14.313 0 5400 4.446 0.092 0.638 4 0.022 0.023 0.034 0.023 9389122 9389122 9389122 9389122 5448.388 5572.571 5486.589 5501.504 41 39 44 46
9392682 19041370+4556578 0 19 04 13.70 +45 56 57.8 2 11.466 10.721 11.498 0 7195 3.771 0.120 0.128 4 0.005 0.005 0.006 0.005 9392682 9392682 9392682 9392682 23500.727 23643.594 23603.755 23608.054 145 146 149 150
9402649 19250659+4554486 0 19 25 06.60 +45 54 48.6 2 11.010 10.023 11.060 0 6136 4.154 0.060 0.337 4 0.029 0.021 0.017 0.009 9402649 9402649 9402649 9402649 28530.624 28654.171 28782.652 28164.109 37 75 40 78
9410906 19380130+4556452 0 19 38 01.31 +45 56 45.3 2 14.619 13.403 14.647 0 5659 4.396 0.135 0.511 4 0.035 0.023 0.049 0.055 9410906 9410906 9410906 9410906 4171.034 4538.030 3945.789 4315.747 144 144 141 139
9414905 19435140+4558509 0 19 43 51.41 +45 58 51.0 2 13.590 12.550 13.634 0 5792 4.336 0.112 0.509 4 0.020 0.019 0.028 0.023 9414905 9414905 9414905 9414905 7611.066 8000.569 7380.378 7875.995 64 64 68 69
9451598 19002859+4603021 0 19 00 28.60 +46 03 02.2 2 13.567 12.615 13.627 0 6060 4.558 0.089 0.407 4 0.022 0.017 0.026 0.023 9451598 9451598 9451598 9451598 8000.431 8029.738 7971.739 8091.602 456 456 452 452
9453192 19040140+4602561 0 19 04 01.41 +46 02 56.1 2 13.949 13.119 14.022 0 6729 4.206 0.139 0.293 4 0.023 0.030 0.033 0.023 9453192 9453192 9453192 9453192 6319.362 6449.870 6452.625 6497.779 118 119 123 123
9466316 19294286+4602011 0 19 29 42.87 +46 02 01.1 2 15.634 14.333 15.702 0 5223 4.816 0.107 0.680 4 0.064 0.077 0.131 0.059 9466316 9466316 9466316 9466316 2431.460 2265.486 2174.305 2024.499 167 166 161 163
9470175 19354645+4600166 0 19 35 46.46 +46 00 16.7 2 15.295 14.295 15.347 0 5438 4.506 0.137 0.670 4 0.048 0.036 0.097 0.067 9470175 9470175 9470175 9470175 2995.913 2847.251 2746.235 2624.132 52 56 57 52
9475663 19432676+4605511 0 19 43 26.77 +46 05 51.1 2 12.470 11.875 12.494 0 7790 3.955 0.179 0.095 4 0.024 0.024 0.035 0.039 9475663 9475663 9475663 9475663 14016.213 14455.391 13683.823 14152.320 69 69 73 74
9508052 18472336+4607247 0 18 47 23.37 +46 07 24.7 2 15.870 14.433 15.923 0 5004 4.624 0.102 0.720 4 0.101 0.101 0.199 0.091 9508052 9508052 9508052 9508052 1792.478 1851.407 1737.934 1753.046 14 15 9 9
9519590 19145173+4610024 0 19 14 51.73 +46 10 02.4 2 13.874 12.891 13.916 0 5961 4.569 0.097 0.420 4 0.025 0.021 0.032 0.030 9519590 9519590 9519590 9519590 6328.526 6905.147 6671.325 6601.579 193 192 197 197
9592145 19340270+4612401 0 19 34 02.70 +46 12 40.1 2 13.939 13.166 13.973 0 6658 4.259 0.157 0.315 4 0.025 0.024 0.047 0.021 9592145 9592145 9592145 9592145 6714.237 6481.605 6327.777 6213.532 191 192 197 196
9637239 19025600+4622415 0 19 02 56.00 +46 22 41.6 2 13.004 12.410 13.046 0 7237 4.023 0.138 0.169 4 0.015 0.013 0.017 0.012 9637239 9637239 9637239 9637239 10860.331 10970.014 10886.481 10982.811 79 80 83 83
9639491 19082694+4622507 0 19 08 26.94 +46 22 50.7 2 13.855 12.178 13.885 0 4833 3.544 0.133 0.799 4 0.020 0.018 0.035 0.022 9639491 9639491 9639491 9639491 6993.865 6921.011 6922.021 6810.331 47 52 51 48
9642041 19142652+4619455 0 19 14 26.53 +46 19 45.5 2 13.402 12.577 13.472 0 6678 4.192 0.133 0.281 4 0.019 0.015 0.021 0.028 9642041 9642041 9642041 9642041 8175.007 8762.635 8605.259 8433.504 164 163 168 168
9649493 19275031+4618327 0 19 27 50.31 +46 18 32.7 2 12.808 11.791 12.855 0 5964 4.325 0.089 0.424 4 0.010 0.011 0.025 0.011 9649493 9649493 9649493 9649493 12057.600 11762.361 11684.637 11551.660 48 47 43 44
9700154 19072514+4624297 0 19 07 25.15 +46 24 29.8 2 15.438 13.721 15.495 0 4315 4.605 0.062 1.036 4 0.059 0.038 0.092 0.065 9700154 9700154 9700154 9700154 2719.142 2663.459 2617.957 2651.702 77 78 73 74
9722737 19463081+4625285 0 19 46 30.81 +46 25 28.5 2 14.902 13.981 14.929 0 6517 4.555 0.169 0.355 4 0.047 0.055 0.109 0.072 9722737 9722737 9722737 9722737 3798.618 3844.168 3551.019 3770.756 28 28 25 24
9786798 19505247+4635514 0 19 50 52.47 +46 35 51.5 2 15.217 14.218 15.274 0 5983 4.747 0.142 0.523 4 0.049 0.047 0.110 0.080 9786798 9786798 9786798 9786798 2990.461 3072.390 2784.336 2969.540 322 321 324 325
9838047 19383851+4641267 0 19 38 38.51 +46 41 26.7 2 13.445 12.417 13.492 0 5574 4.538 0.081 0.536 4 0.017 0.015 0.031 0.019 9838047 9838047 9838047 9838047 8610.275 8716.241 8463.601 8560.063 361 365 364 361
9882280 19105351+4647462 0 19 10 53.52 +46 47 46.3 2 14.466 13.143 14.516 0 5343 4.586 0.090 0.600 4 0.028 0.035 0.040 0.047 9882280 9882280 9882280 9882280 4843.418 4796.960 4984.176 4725.812 134 139 139 135
9897710 19381825+4644055 0 19 38 18.25 +46 44 05.5 2 15.218 14.083 15.276 0 5610 4.725 0.122 0.601 4 0.047 0.085 0.085 0.092 9897710 9897710 9897710 9897710 3019.865 3036.568 2995.559 3014.540 422 426 426 422
9934052 18494333+4648255 0 18 49 43.34 +46 48 25.6 2 13.759 12.730 13.801 0 5946 4.405 0.097 0.410 4 0.030 0.031 0.049 0.036 9934052 9934052 9934052 9934052 6813.746 6899.016 6917.759 6752.537 389 385 384 389
9947924 19213378+4648428 0 19 21 33.79 +46 48 42.9 2 13.493 12.442 13.581 0 5981 4.427 0.100 0.443 4 0.063 0.044 0.042 0.053 9947924 9947924 9947924 9947924 7895.954 8094.779 8204.503 7887.512 100 100 105 104
9956124 19353480+4650336 0 19 35 34.81 +46 50 33.7 2 12.772 11.912 12.845 0 6546 4.257 0.114 0.290 4 0.049 0.034 0.066 0.050 9956124 9956124 9956124 9956124 11764.815 11812.388 11599.827 11917.253 227 227 223 222
9957411 19373081+4649138 0 19 37 30.81 +46 49 13.8 2 15.071 14.019 15.110 0 5983 4.418 0.160 0.477 4 0.065 0.062 0.107 0.070 9957411 9957411 9957411 9957411 3347.668 3531.357 3195.126 3379.413 475 475 471 470
9991887 18453028+4659153 0 18 45 30.29 +46 59 15.3 2 15.137 13.967 15.216 0 5198 4.452 0.102 0.709 4 0.066 0.084 0.082 0.061 9991887 9991887 9991887 9991887 2699.000 2652.394 2721.465 2727.493 73 74 76 70
9994475 18515965+4655505 0 18 51 59.66 +46 55 50.6 2 14.228 13.326 14.300 0 5646 4.337 0.105 0.536 4 0.031 0.028 0.057 0.040 9994475 9994475 9994475 9994475 5222.634 5313.933 5295.870 5226.717 67 66 71 71
9995660 18545528+4654421 0 18 54 55.28 +46 54 42.2 2 14.806 13.558 14.875 0 5560 4.401 0.113 0.566 4 0.066 0.071 0.075 0.070 9995660 9995660 9995660 9995660 3694.031 3764.486 3781.811 3706.768 205 210 210 205
9995981 18554051+4658573 0 18 55 40.51 +46 58 57.4 2 15.551 14.195 15.585 0 5328 4.595 0.111 0.601 4 0.101 0.089 0.101 0.065 9995981 9995981 9995981 9995981 2303.797 2394.300 2362.715 2318.227 184 189 190 185
10007533 19202388+4659138 0 19 20 23.88 +46 59 13.8 2 13.807 13.016 13.875 0 6808 4.192 0.150 0.273 4 0.033 0.017 0.034 0.030 10007533 10007533 10007533 10007533 6878.680 7028.070 7081.437 6766.724 164 164 169 168
10032935 19563373+4659573 0 19 56 33.73 +46 59 57.3 2 14.592 13.535 14.638 0 5806 4.427 0.146 0.534 4 0.058 0.044 0.060 0.074 10032935 10032935 10032935 10032935 3718.534 3705.652 3563.910 4029.924 383 387 387 383
10119517 18455546+4707216 0 18 45 55.46 +47 07 21.6 2 9.841 9.032 9.912 0 6225 4.375 0.030 0.282 4 0.002 0.003 0.004 0.003 10119517 10119517 10119517 10119517 47289.219 47281.411 47085.454 47325.352 122 124 124 119
10128961 19061908+4707530 0 19 06 19.08 +47 07 53.0 2 15.516 14.211 15.552 0 5365 4.531 0.120 0.594 4 0.066 0.078 0.107 0.083 10128961 10128961 10128961 10128961 2604.601 2475.737 2602.032 2531.709 230 225 226 229
10154189 19454570+4706517 0 19 45 45.71 +47 06 51.7 2 13.615 12.733 13.683 0 6169 4.737 0.091 0.415 4 0.022 0.020 0.033 0.025 10154189 10154189 10154189 10154189 7764.415 7605.821 7572.799 7762.057 153 157 156 153
10226388 19523572+4716379 0 19 52 35.72 +47 16 37.9 2 10.755 10.140 10.772 0    0.266 4 0.008 0.009 0.013 0.011 10226388 10226388 10226388 10226388 32084.594 32003.763 31689.425 32312.842 119 121 116 115
10255110 18495972+4719509 0 18 49 59.72 +47 19 51.0 2 13.452 12.564 13.488 0 6213 4.408 0.096 0.356 4 0.022 0.021 0.038 0.025 10255110 10255110 10255110 10255110 8117.566 8187.440 8190.128 8127.943 47 43 42 47
10267044 19152862+4722118 0 19 15 28.62 +47 22 11.9 2 13.975 13.393 14.039 0 6878 4.086 0.156 0.256 4 0.030 0.023 0.029 0.025 10267044 10267044 10267044 10267044 6176.872 6048.439 6510.784 5755.802 159 164 164 160
10275197 19291797+4723563 0 19 29 17.98 +47 23 56.4 2 12.839 11.920 12.896 0 6440 4.096 0.124 0.316 4 0.013 0.010 0.020 0.011 10275197 10275197 10275197 10275197 11753.305 11541.751 11836.387 11196.123 129 132 134 129
10280990 19380551+4722069 0 19 38 05.52 +47 22 06.9 2 14.257 13.039 14.318 0 5523 4.297 0.124 0.605 4 0.028 0.032 0.041 0.025 10280990 10280990 10280990 10280990 5369.017 5463.325 5420.066 5500.669 163 159 159 163
10292413 19522956+4719307 0 19 52 29.64 +47 19 30.2 2 13.140 13.150 13.194 0    0.466 4 0.026 0.017 0.031 0.039 10292413 10292413 10292413 10292413 9248.316 9178.040 8929.375 9519.194 127 129 124 123
10322296 18533396+4726113 0 18 53 33.98 +47 26 11.3 2 12.655 11.677 12.719 0    0.453 4 0.027 0.028 0.027 0.024 10322296 10322296 10322296 10322296 12383.535 12316.067 12306.190 12261.979 313 309 308 312
10322582 18540992+4729062 0 18 54 09.92 +47 29 06.2 2 14.749 13.503 14.795 0 5806 4.341 0.120 0.484 4 0.066 0.069 0.076 0.049 10322582 10322582 10322582 10322582 3881.829 3875.149 3814.057 3920.868 336 331 331 336
10355671 19500138+4728242 0 19 50 01.38 +47 28 24.3 2 13.557 12.228 13.599 0 5224 4.448 0.079 0.600 4 0.029 0.025 0.036 0.041 10355671 10355671 10355671 10355671 7906.306 7707.004 7750.298 7815.845 65 65 67 68
10357852 19522681+4729280 0 19 52 26.82 +47 29 28.0 2 13.025 12.048 13.062 0 6327 4.230 0.125 0.337 4 0.016 0.015 0.024 0.022 10357852 10357852 10357852 10357852 10000.050 9894.134 9624.068 10266.405 29 26 25 28
10389809 18582098+4731166 0 18 58 20.98 +47 31 16.7 2 14.578 13.455 14.635 0 5786 4.417 0.114 0.507 4 0.036 0.039 0.055 0.051 10389809 10389809 10389809 10389809 4388.195 4505.625 4401.561 4288.100 68 67 72 72
10395202 19100134+4733422 0 19 10 01.35 +47 33 42.3 2 14.645 13.417 14.705 0 5260 4.405 0.104 0.664 4 0.047 0.043 0.066 0.055 10395202 10395202 10395202 10395202 4312.786 4269.674 4320.364 4216.841 87 87 91 90
10395609 19105516+4735505 0 19 10 55.16 +47 35 50.5 2 14.468 13.337 14.520 0 6160 4.238 0.139 0.407 4 0.027 0.027 0.039 0.029 10395609 10395609 10395609 10395609 4797.157 4609.063 4858.042 4336.127 41 41 37 38
10447902 18415446+4739181 0 18 41 54.46 +47 39 18.1 2 14.861 13.759 14.918 0 5578 4.500 0.102 0.570 4 0.078 0.116 0.114 0.090 10447902 10447902 10447902 10447902 3148.259 2910.750 3055.165 3095.726 131 129 128 134
10485137 19482875+4737263 0 19 48 28.75 +47 37 26.3 2 11.804 10.721 11.883 0 6013 4.325 0.067 0.404 4 0.011 0.011 0.015 0.010 10485137 10485137 10485137 10485137 19136.757 19036.667 19037.531 19121.247 208 207 209 211
10528299 19155771+4744177 0 19 15 57.72 +47 44 17.8 2 13.908 12.907 13.967 0 6115 4.242 0.126 0.416 4 0.076 0.054 0.041 0.052 10528299 10528299 10528299 10528299 6345.798 6267.312 6745.791 5975.112 352 352 356 355
10557008 19565289+4743365 0 19 56 52.90 +47 43 36.5 2 14.625 13.272 14.662 0 5088 4.405 0.112 0.686 4 0.058 0.039 0.064 0.055 10557008 10557008 10557008 10557008 3602.577 3578.094 3345.516 3921.547 131 130 135 135
10618253 19522995+4748447 0 19 52 29.96 +47 48 44.7 2 12.750 12.012 12.809 0 6118 4.374 0.093 0.431 4 0.013 0.011 0.020 0.015 10618253 10618253 10618253 10618253 11740.635 10495.491 11471.510 11718.080 221 225 226 222
10680475 19485311+4756203 0 19 48 53.12 +47 56 20.3 2 14.207 13.003 14.257 0 6082 4.224 0.158 0.444 4 0.024 0.029 0.051 0.041 10680475 10680475 10680475 10680475 5424.658 5260.004 5305.093 5485.550 19 19 21 22
10711938 18502740+4801118 0 18 50 27.41 +48 01 12.0 2 12.139 10.814 12.144 0    0.312 4 0.011 0.010 0.018 0.010 10711938 10711938 10711938 10711938 15991.394 16085.127 16050.070 16171.945 315 318 318 313
10723143 19140441+4805047 0 19 14 04.42 +48 05 04.7 2 15.435 14.117 15.495 0 5120 4.412 0.121 0.743 4 0.097 0.076 0.107 0.146 10723143 10723143 10723143 10723143 2504.951 2398.601 2641.603 2252.044 208 203 203 207
10724533 19163802+4805496 0 19 16 38.04 +48 05 49.8 2 9.027 8.495 9.038 0    0.290 4 0.002 0.003 0.003 0.002 10724533 10724533 10724533 10724533 75302.095 75100.838 75262.654 75071.290 84 83 87 87
10727655 19214390+4803572 0 19 21 43.91 +48 03 57.3 2 13.393 12.108 13.433 0 6074 4.188 0.117 0.399 4 0.015 0.014 0.028 0.016 10727655 10727655 10727655 10727655 8919.380 8885.889 8814.474 8936.826 154 154 151 150
10794878 19233305+4807431 0 19 23 33.06 +48 07 43.1 2 13.304 12.163 13.385 0 5529 4.464 0.077 0.560 4 0.013 0.017 0.026 0.020 10794878 10794878 10794878 10794878 9215.408 9137.134 9047.628 9139.085 53 58 60 55
10796477 19260831+4807527 0 19 26 08.32 +48 07 52.8 2 14.050 12.788 14.107 0 6213 4.172 0.145 0.373 4 0.021 0.032 0.050 0.023 10796477 10796477 10796477 10796477 6237.427 5809.539 6123.584 5709.860 75 72 70 76
10797126 19271098+4808350 0 19 27 10.98 +48 08 35.0 2 13.832 12.965 13.918 0 6432 4.261 0.138 0.362 4 0.051 0.068 0.074 0.040 10797126 10797126 10797126 10797126 6798.183 6377.770 6812.026 6366.493 150 147 145 151
10801703 19343970+4806270 0 19 34 39.70 +48 06 27.1 2 14.329 13.098 14.380 0 5306 4.312 0.113 0.656 4 0.032 0.035 0.041 0.036 10801703 10801703 10801703 10801703 5261.176 5213.049 5334.749 5209.259 254 258 258 253
10809970 19461855+4807371 0 19 46 18.55 +48 07 37.1 2 13.481 12.346 13.533 0 5637 4.476 0.090 0.521 4 0.023 0.020 0.033 0.021 10809970 10809970 10809970 10809970 8216.110 8040.048 8061.822 8294.422 181 177 178 181
10818544 19555121+4807594 0 19 55 51.22 +48 07 59.4 2 11.060 10.794 11.029 0 9335 3.960 0.167 -0.122 4 0.007 0.006 0.009 0.006 10818544 10818544 10818544 10818544 27817.115 26524.369 27648.519 27818.490 103 101 105 106
10847118 18591168+4815480 0 18 59 11.68 +48 15 48.0 2 13.936 12.641 13.965 0 5528 4.432 0.090 0.535 4 0.058 0.075 0.047 0.040 10847118 10847118 10847118 10847118 6415.545 6341.864 6174.765 6277.932 62 62 58 59
10854621 19150743+4815080 0 19 15 07.43 +48 15 08.0 2 15.483 14.442 15.533 0 5744 4.981 0.103 0.510 4 0.087 0.153 0.104 0.053 10854621 10854621 10854621 10854621 2478.759 2278.694 2485.939 2225.750 173 167 168 172
10877703 19510837+4814554 0 19 51 08.37 +48 14 55.5 2 14.333 13.127 14.344 0 6106 3.881 0.201 0.453 4 0.057 0.039 0.070 0.068 10877703 10877703 10877703 10877703 4928.273 4027.720 4730.415 4928.509 334 337 331 330
10880490 19543765+4814111 0 19 54 37.65 +48 14 11.1 2 15.209 14.080 15.239 0 5807 4.678 0.140 0.493 4 0.080 0.062 0.109 0.073 10880490 10880490 10880490 10880490 2750.752 2053.804 2585.081 2774.888 226 224 229 230
10965091 19041755+4824052 0 19 04 17.55 +48 24 05.3 2 15.248 13.446 15.280 0 4718 4.515 0.085 0.805 4 0.155 0.113 0.146 0.115 10965091 10965091 10965091 10965091 2858.642 2999.862 2821.388 2833.194 346 347 351 350
11013608 18490720+4832212 0 18 49 07.20 +48 32 21.3 2 12.532 11.612 12.566 0 6223 4.198 0.087 0.329 4 0.013 0.016 0.018 0.016 11013608 11013608 11013608 11013608 12650.769 12598.683 12661.767 12725.259 211 209 208 213
11036301 19392575+4833581 0 19 39 25.75 +48 33 58.2 2 15.097 13.586 15.121 0 4708 4.514 0.088 0.795 4 0.055 0.048 0.109 0.087 11036301 11036301 11036301 11036301 3413.975 3371.116 3128.994 3171.183 37 37 32 31
11042923 19491133+4831076 0 19 49 11.33 +48 31 07.6 2 14.229 13.015 14.321 0 6086 4.239 0.156 0.388 4 0.044 0.033 0.047 0.040 11042923 11042923 11042923 11042923 5071.514 4049.636 4842.134 5146.702 76 73 73 76
11083888 19265911+4841490 0 19 26 59.11 +48 41 49.1 2 15.051 14.058 15.093 0 6284 4.500 0.149 0.386 4 0.043 0.044 0.083 0.044 11083888 11083888 11083888 11083888 3561.736 3579.663 3372.894 3281.840 27 28 24 24
11084647 19283151+4837394 0 19 28 31.52 +48 37 39.5 2 15.262 13.893 15.319 0 5392 4.493 0.127 0.631 4 0.068 0.093 0.075 0.108 11084647 11084647 11084647 11084647 3151.813 2962.284 2946.649 2890.787 34 40 42 36
11091082 19402262+4837599 0 19 40 22.62 +48 37 59.9 2 14.671 13.810 14.721 0 6294 4.547 0.143 0.410 4 0.034 0.040 0.052 0.061 11091082 11091082 11091082 11091082 4246.061 4199.808 4114.537 4173.316 190 190 186 185
11127048 19041373+4844201 0 19 04 13.74 +48 44 20.1 2 15.184 14.010 15.221 0 5448 4.770 0.096 0.561 4 0.064 0.067 0.064 0.080 11127048 11127048 11127048 11127048 3120.416 3110.845 2883.789 2925.142 173 173 178 176
11137143 19263754+4843323 0 19 26 37.54 +48 43 32.3 2 13.072 12.050 13.145 0 5895 4.474 0.082 0.443 4 0.026 0.017 0.034 0.019 11137143 11137143 11137143 11137143 10297.357 10234.679 10197.843 10335.326 2 2 5 6
11144556 19402860+4843582 0 19 40 28.61 +48 43 58.3 2 13.491 12.647 13.551 0 6428 4.596 0.104 0.343 4 0.016 0.018 0.039 0.025 11144556 11144556 11144556 11144556 8276.561 8208.540 8033.068 8139.784 248 248 243 242
11151970 19512108+4846269 0 19 51 21.08 +48 46 27.0 2 13.003 11.535 13.071 0 5123 3.682 0.128 0.711 4 0.023 0.015 0.030 0.022 11151970 11151970 11151970 11151970 9981.484 8734.436 9763.534 10021.055 24 21 20 24
11153627 19535823+4846580 0 19 53 58.24 +48 46 58.1 2 13.951 12.465 13.982 0 5286 3.847 0.156 0.642 4 0.035 0.019 0.048 0.032 11153627 11153627 11153627 11153627 5898.195 4929.063 5654.203 5919.985 86 85 89 90
11154110 19544090+4844433 0 19 54 40.90 +48 44 43.4 2 13.307 12.526 13.370 0 6938 4.246 0.154 0.254 4 0.092 0.067 0.123 0.097 11154110 11154110 11154110 11154110 7925.937 6862.398 7449.129 7936.308 7 6 10 11
11190836 19281662+4849462 0 19 28 16.62 +48 49 46.3 2 15.415 14.291 15.473 0 5794 4.359 0.156 0.596 4 0.064 0.069 0.098 0.048 11190836 11190836 11190836 11190836 2860.859 2698.402 2697.660 2652.836 209 214 216 211
11198068 19414399+4848582 0 19 41 43.99 +48 48 58.2 2 15.529 14.083 15.509 0 5030 4.445 0.129 0.720 4 0.055 0.065 0.098 0.077 11198068 11198068 11198068 11198068 2572.159 2515.311 2503.124 2552.139 318 324 324 319
11244501 19281062+4856369 0 19 28 10.62 +48 56 36.9 2 9.796 8.554 9.849 0 5151 3.801 0.036 0.627 4 0.002 0.002 0.003 0.002 11244501 11244501 11244501 11244501 51594.989 51582.536 51532.050 51643.105 294 295 292 291
11245381 19295502+4855000 0 19 29 55.02 +48 55 00.1 2 12.811 11.901 12.858 0 5567 4.303 0.078 0.560 4 0.011 0.012 0.017 0.013 11245381 11245381 11245381 11245381 12084.567 12086.859 12008.191 11917.594 147 152 154 149
11246163 19312990+4859024 0 19 31 29.90 +48 59 02.4 2 14.516 13.160 14.605 0 5277 4.556 0.095 0.647 4 0.029 0.029 0.057 0.039 11246163 11246163 11246163 11246163 4702.250 4674.178 4575.399 4433.115 76 82 84 78
11255667 19470489+4855203 0 19 47 04.90 +48 55 20.3 2 10.876 10.035 10.941 0 6355 3.956 0.078 0.262 4 0.005 0.007 0.008 0.007 11255667 11255667 11255667 11255667 29650.747 29671.960 29658.482 29595.303 15 20 21 16
11295026 19231888+4902081 0 19 23 18.89 +49 02 08.1 2 12.767 11.307 12.810 0 4988 4.384 0.053 0.671 4 0.027 0.035 0.030 0.025 11295026 11295026 11295026 11295026 12154.965 12141.136 12044.410 12250.901 260 254 252 257
11295347 19235737+4904219 0 19 23 57.38 +49 04 21.9 2 11.708 11.150 11.729 0 7620 3.947 0.129 0.084 4 0.004 0.006 0.009 0.006 11295347 11295347 11295347 11295347 21066.190 20955.194 20913.751 21071.153 168 166 170 171
11303416 19393400+4903047 0 19 39 34.01 +49 03 04.7 2 14.975 13.457 15.023 0 4825 4.389 0.103 0.795 4 0.056 0.063 0.093 0.086 11303416 11303416 11303416 11303416 3547.710 3393.082 3311.115 3361.738 274 274 269 269
11303526 19394694+4901490 0 19 39 46.95 +49 01 49.0 2 12.952 12.083 13.002 0 6471 4.348 0.109 0.318 4 0.013 0.011 0.022 0.019 11303526 11303526 11303526 11303526 10916.234 10897.611 10772.646 10851.308 292 292 287 286
11305087 19422455+4901272 0 19 42 24.56 +49 01 27.2 2 14.994 13.842 15.038 0 5512 4.528 0.127 0.613 4 0.049 0.050 0.123 0.095 11305087 11305087 11305087 11305087 3432.284 3381.972 3219.754 3292.021 394 393 397 398
11338865 19011499+4906525 0 19 01 14.99 +49 06 52.5 2 13.295 12.900 13.275 0 8658 4.013 0.148 -0.080 4 0.015 0.015 0.015 0.019 11338865 11338865 11338865 11338865 9247.747 9258.780 8160.272 9071.364 103 107 109 103
11341950 19090585+4911585 0 19 09 05.86 +49 11 58.5 2 14.888 13.804 14.924 0 5511 4.486 0.112 0.586 4 0.090 0.115 0.084 0.111 11341950 11341950 11341950 11341950 3743.466 3584.321 3688.595 3460.203 441 437 437 440
11342032 19091964+4911483 0 19 09 19.64 +49 11 48.3 2 12.686 11.574 12.758 0    0.281 4 0.011 0.013 0.016 0.012 11342032 11342032 11342032 11342032 12426.834 12390.962 12469.743 12370.587 416 416 420 420
11395117 19101140+4912202 0 19 10 11.40 +49 12 20.3 2 14.984 13.050 14.993 0 4879 4.543 0.086 0.717 4 0.051 0.049 0.061 0.071 11395117 11395117 11395117 11395117 3648.419 3558.928 3628.441 3408.330 308 308 312 311
11402381 19262195+4915289 0 19 26 21.96 +49 15 29.0 2 13.211 12.204 13.257 0 6481 4.111 0.131 0.313 4 0.017 0.018 0.025 0.013 11402381 11402381 11402381 11402381 9760.067 9745.388 9667.961 9668.703 220 221 217 217
11404758 19311544+4912045 0 19 31 15.45 +49 12 04.6 2 13.929 12.858 13.958 0 6374 4.128 0.151 0.347 4 0.015 0.022 0.032 0.027 11404758 11404758 11404758 11404758 6728.232 6619.521 6613.584 6509.031 263 268 270 264
11405559 19325415+4914331 0 19 32 54.16 +49 14 33.2 2 13.629 12.353 13.692 0 5232 4.154 0.101 0.708 4 0.028 0.014 0.024 0.022 11405559 11405559 11405559 11405559 7692.640 7586.349 7656.019 7516.573 63 63 66 67
11408810 19385528+4917397 0 19 38 55.28 +49 17 39.8 2 12.572 11.928 12.607 0 7555 4.103 0.149 0.139 4 0.013 0.012 0.016 0.019 11408810 11408810 11408810 11408810 13310.689 13263.251 13190.790 13203.069 196 191 191 195
11410485 19415839+4917583 0 19 41 58.39 +49 17 58.4 2 13.621 12.721 13.693 0 6732 4.165 0.157 0.288 4 0.027 0.021 0.036 0.030 11410485 11410485 11410485 11410485 7423.268 7421.420 7275.308 7386.372 327 326 331 331
11442348 18562412+4921442 0 18 56 24.12 +49 21 44.2 2 14.481 13.231 14.546 0 5301 4.546 0.087 0.628 4 0.056 0.065 0.064 0.061 11442348 11442348 11442348 11442348 4353.840 4260.438 3389.871 4083.749 305 301 300 305
11444780 19025070+4923494 0 19 02 50.71 +49 23 49.4 2 15.660 14.151 15.732 0 4566 4.718 0.072 0.982 4 0.089 0.096 0.080 0.081 11444780 11444780 11444780 11444780 2089.767 1797.549 1852.504 1731.370 14 14 11 10
11447953 19111390+4922411 0 19 11 13.91 +49 22 41.1 2 11.182 10.393 11.256 0 6412 4.428 0.052 0.295 4 0.005 0.005 0.007 0.005 11447953 11447953 11447953 11447953 26171.661 26189.506 26224.084 26099.085 91 91 95 95
11460346 19373926+4919372 0 19 37 39.26 +49 19 37.2 2 15.148 14.182 15.192 0 6273 4.684 0.143 0.391 4 0.162 0.182 0.190 0.217 11460346 11460346 11460346 11460346 2957.030 2985.161 2939.027 2852.927 77 72 72 76
11494583 18572818+4927518 0 18 57 28.19 +49 27 51.8 2 15.411 13.776 15.439 0 4385 4.625 0.062 0.964 4 0.088 0.121 0.107 0.099 11494583 11494583 11494583 11494583 2482.343 2393.407 1753.666 2283.980 328 324 323 328
11495781 19005547+4927412 0 19 00 55.48 +49 27 41.2 2 13.424 12.794 13.438 0 7729 3.828 0.147 0.057 4 0.019 0.023 0.021 0.021 11495781 11495781 11495781 11495781 8358.429 8370.026 7187.609 8154.160 175 174 178 179
11496078 19014172+4925334 0 19 01 41.72 +49 25 33.5 2 13.435 12.451 13.475 0 5891 4.400 0.090 0.435 4 0.021 0.020 0.026 0.022 11496078 11496078 11496078 11496078 8201.055 8264.859 7022.362 8005.312 104 103 107 107
11498689 19081050+4924243 0 19 08 10.50 +49 24 24.4 2 15.060 13.804 15.124 0 5271 4.465 0.109 0.677 4 0.172 0.076 0.156 0.121 11498689 11498689 11498689 11498689 3142.610 3097.701 3214.270 2959.001 209 206 205 208
11502581 19170380+4928220 0 19 17 03.81 +49 28 22.0 2 14.603 13.464 14.661 0 5696 4.455 0.116 0.509 4 0.040 0.031 0.071 0.065 11502581 11502581 11502581 11502581 4238.480 4193.571 3856.138 3491.808 117 122 123 116
11509282 19312898+4926190 0 19 31 28.98 +49 26 19.0 2 13.740 13.000 13.796 0 7139 3.653 0.189 0.225 4 0.019 0.028 0.038 0.020 11509282 11509282 11509282 11509282 7307.737 7160.196 7123.314 7128.924 150 149 153 154
11559864 19290388+4930423 0 19 29 03.88 +49 30 42.3 2 14.100 13.038 14.158 0 5862 4.613 0.099 0.461 4 0.119 0.050 0.089 0.045 11559864 11559864 11559864 11559864 5750.649 5812.280 5751.680 5671.799 350 345 343 348
11566174 19410439+4933586 0 19 41 04.39 +49 33 58.6 2 14.917 13.641 14.957 0 5300 4.627 0.104 0.633 4 0.042 0.040 0.076 0.068 11566174 11566174 11566174 11566174 3521.684 3530.799 3385.051 3455.437 141 136 135 140
11604958 19143302+4937287 0 19 14 33.03 +49 37 28.7 2 13.874 12.640 13.935 0 5286 4.354 0.089 0.641 4 0.021 0.032 0.050 0.041 11604958 11604958 11604958 11604958 6544.731 6290.781 6018.424 5668.660 57 57 52 52
11612091 19301869+4939371 0 19 30 18.69 +49 39 37.2 2 13.052 12.224 13.117 0 6803 3.983 0.147 0.259 4 0.034 0.031 0.050 0.019 11612091 11612091 11612091 11612091 10328.093 10126.734 10106.297 10172.051 192 191 194 195
11672319 19471320+4942455 0 19 47 13.21 +49 42 45.6 2 14.246 13.018 14.288 0 5497 4.530 0.102 0.568 4 0.040 0.046 0.045 0.051 11672319 11672319 11672319 11672319 4799.343 4933.047 5079.393 4898.171 449 449 444 446
11704155 19075572+4953018 0 19 07 55.73 +49 53 01.8 2 12.563 11.288 12.600 0 5118 4.646 0.039 0.597 4 0.017 0.012 0.014 0.014 11704155 11704155 11704155 11704155 13034.071 12823.647 12765.759 12423.935 83 87 88 83
11716688 19353250+4950369 0 19 35 32.50 +49 50 37.0 2 13.574 12.134 13.647 0 5130 3.283 0.170 0.824 4 0.039 0.027 0.035 0.033 11716688 11716688 11716688 11716688 7614.587 7643.370 7466.396 7538.550 124 125 119 119
11717798 19372922+4948066 0 19 37 29.23 +49 48 06.7 2 14.075 12.705 14.161 0 5312 4.332 0.103 0.651 4 0.023 0.039 0.052 0.037 11717798 11717798 11717798 11717798 5733.867 5727.615 5634.146 5573.688 303 309 309 304
11769739 19402778+4955024 0 19 40 27.78 +49 55 02.4 2 15.013 13.631 15.033 0 5136 4.403 0.119 0.683 4 0.046 0.046 0.083 0.074 11769739 11769739 11769739 11769739 3384.242 3388.841 3272.036 3230.727 177 182 183 177
11805235 19070616+5004148 0 19 07 06.17 +50 04 14.8 2 14.656 13.404 14.717 0 5342 4.594 0.091 0.606 4 0.049 0.034 0.046 0.041 11805235 11805235 11805235 11805235 3910.270 3707.698 3667.623 3440.133 221 221 225 225
11819520 19382848+5000158 0 19 38 28.48 +50 00 15.9 2 14.771 13.666 14.833 0 5715 4.662 0.113 0.527 4 0.068 0.057 0.093 0.077 11819520 11819520 11819520 11819520 3721.179 3909.753 3677.658 3664.043 389 395 395 390
11910076 19172421+5017106 0 19 17 24.22 +50 17 10.6 2 14.225 13.009 14.284 0 5450 4.368 0.103 0.611 4 0.030 0.028 0.058 0.042 11910076 11910076 11910076 11910076 5117.371 5096.600 4717.222 4434.720 321 317 315 321
11920266 19393129+5016009 0 19 39 31.29 +50 16 00.9 2 11.517 10.571 11.581 0    0.583 4 0.007 0.007 0.010 0.008 11920266 11920266 11920266 11920266 21631.854 21729.938 21530.200 21609.123 204 203 207 207
11924311 19463984+5014179 0 19 46 39.84 +50 14 18.0 2 12.761 12.032 12.805 0 6418 4.302 0.106 0.337 4 0.023 0.025 0.034 0.026 11924311 11924311 11924311 11924311 11098.984 11060.397 11216.597 11122.449 4 0 0 5
12016304 19340641+5025378 0 19 34 06.42 +50 25 37.9 2 13.664 12.778 13.718 0 6491 4.269 0.134 0.340 4 0.021 0.024 0.042 0.032 12016304 12016304 12016304 12016304 7159.221 7276.575 7092.001 7079.181 56 51 51 55
12019674 19402932+5025522 0 19 40 29.33 +50 25 52.2 2 12.904 11.904 12.961 0 5841 4.301 0.090 0.449 4 0.019 0.018 0.026 0.017 12019674 12019674 12019674 12019674 10586.786 10711.158 10589.799 10635.606 9 8 13 13
12055014 19100386+5033239 0 19 10 03.87 +50 33 23.9 2 13.465 12.696 13.537 0 6546 4.490 0.103 0.312 4 0.057 0.080 0.089 0.086 12055014 12055014 12055014 12055014 6884.644 7547.838 6598.547 6981.415 6 7 1 2
12071741 19453486+5035571 0 19 45 34.87 +50 35 57.2 2 14.762 13.617 14.818 0 5385 4.608 0.106 0.633 4 0.082 0.046 0.062 0.069 12071741 12071741 12071741 12071741 3268.206 3470.640 3514.763 3448.486 353 359 359 353
12104285 19100947+5041490 0 19 10 09.47 +50 41 49.0 2 15.808 14.272 15.841 0 4658 4.648 0.086 0.885 4 0.066 0.100 0.171 0.157 12104285 12104285 12104285 12104285 1452.603 1893.816 1334.748 1398.675 91 92 86 87
12153332 19113747+5045586 0 19 11 37.47 +50 45 58.6 2 13.029 11.941 13.077 0 5367 4.749 0.048 0.562 4 0.013 0.018 0.031 0.026 12153332 12153332 12153332 12153332 9090.661 9805.174 8796.091 9360.492 298 299 293 295
12267718 19450129+5054157 0 19 45 01.30 +50 54 15.7 2 13.316 12.628 13.385 0 6802 4.191 0.145 0.278 4 0.028 0.025 0.033 0.030 12267718 12267718 12267718 12267718 7909.146 7882.082 7997.421 7991.315 334 332 338 335
12418274 19444979+5112401 0 19 44 49.80 +51 12 40.1 2 14.298 13.069 14.349 0 5215 4.802 0.070 0.617 4 0.368 0.291 0.158 0.221 12418274 12418274 12418274 12418274 3532.010 3903.382 3622.015 3683.759 206 202 201 207
12458133 19204110+5122395 0 19 20 41.10 +51 22 39.5 2 14.000 12.794 14.074 0 5402 4.644 0.076 0.592 4 0.030 0.029 0.041 0.053 12458133 12458133 12458133 12458133 5347.501 5407.043 4875.691 5222.914 161 169 167 162
12689656 19170171+5148446 0 19 17 01.72 +51 48 44.7 2 13.297 12.280 13.358 0    0.453 4 0.025 0.025 0.041 0.053 12689656 12689656 12689656 12689656 7844.800 7912.394 7193.119 7765.900 247 240 242 244
