01572353 0.228930 54964.677483 15.234 OC 1.10905 1.10905 N/A 3.26502 N/A N/A 0.53556 1.04808 4470
01873918 0.332430 54964.898804 13.715 OC 1.01332 1.01332 N/A 0.93793 N/A N/A 0.76865 0.42347 5715
02012362 0.386320 54964.742744 14.121 OC 0.99393 0.99393 N/A 1.21419 N/A N/A 0.35441 0.93427 6218
02017803 0.305739 54964.808083 14.614 OC 1.14461 1.14461 N/A 2.72212 N/A N/A 0.51319 1.04187 5056
02141697 0.331046 54953.835587 13.399 OC 1.00893 1.00893 N/A 4.88466 N/A N/A 0.72045 0.98152 6049
02159783 0.373884 54964.973022 14.965 OC 1.01633 1.01633 N/A 1.36275 N/A N/A 0.88457 0.90444 5643
02302092 0.294661 54964.691818 14.440 OC 1.62577 1.62577 N/A 4.66957 N/A N/A 0.75398 1.06482 5245
02305277 0.378757 54964.985558 15.101 OC 0.99961 0.99961 N/A 1.11416 N/A N/A 0.42018 0.88203 5694
02437038 0.267679 54964.847786 15.955 OC 0.98759 0.98759 N/A 0.61613 N/A N/A 0.63767 0.02335 5461
02444187 0.390156 54964.815063 14.138 OC 1.00471 1.00471 N/A 1.40293 N/A N/A 0.96935 0.51573 6162
02694741 0.326652 54953.771614 12.297 OC 1.24247 1.24247 N/A 3.88463 N/A N/A 0.50606 1.09882 5302
02715007 0.297106 54964.786606 14.730 OC 1.05289 1.05289 N/A 1.55755 N/A N/A 0.46049 0.93101 5598
02715417 0.236446 54964.667480 14.070 OC 1.10389 1.10389 N/A 3.45965 N/A N/A 0.83429 0.48313 5189
02717141 0.394573 54953.755829 13.519 OC 0.99231 0.99231 N/A 1.67809 N/A N/A 0.99166 0.73757 6140
02717423 0.398415 54964.790695 14.544 OC 1.21153 1.21153 N/A 0.73788 N/A N/A 0.62095 0.41116 5581
02835289 0.857724 54954.131630 13.009 OC 1.01610 1.01610 N/A 1.66956 N/A N/A 0.40069 0.95072 6228
02854432 0.322313 54964.883522 14.922 OC 1.08793 1.08793 N/A 5.16370 N/A N/A 0.73166 1.09157 5103
02854752 0.470436 54964.890411 13.990 OC 1.20296 1.20296 N/A 0.75105 N/A N/A 0.70173 0.03997 7073
02858322 0.436393 54964.660454 14.751 OC 1.26912 1.26912 N/A 0.66205 N/A N/A 0.65918 0.13355 5605
03104113 0.846776 54965.284889 13.447 OC 1.06337 1.06337 N/A 2.98277 N/A N/A 0.91966 1.03755 5910
03120742 0.236214 54964.737213 14.844 OC 0.99990 0.99990 N/A 1.59303 N/A N/A 0.37813 0.98875 5590
03127873 0.671529 54964.977554 15.153 OC 1.10318 1.10318 N/A 3.01180 N/A N/A 0.65801 1.10014 6069
03221207 0.473822 54953.962086 11.975 OC 1.04611 1.04611 N/A 1.21236 N/A N/A 0.88142 0.42352 6414
03232823 0.423916 54964.855370 15.142 OC 0.97262 0.97262 N/A 1.18970 N/A N/A 0.37419 0.90460 6172
03339563 0.841209 54965.383820 14.176 SD 0.59825 0.59825 0.64649 N/A 0.00465 0.03677 0.93590 N/A 5367
03342425 0.393406 54964.948593 15.089 OC 1.04454 1.04454 N/A 2.87736 N/A N/A 0.82615 0.99498 6035
03431321 1.015049 54954.419380 11.197 OC 0.97663 0.97663 N/A 1.51933 N/A N/A 0.35227 0.93853 9589
03437800 0.362668 54964.748680 13.871 OC 0.99936 0.99936 N/A 0.90723 N/A N/A 0.45379 0.68981 6185
03454864 0.294116 54964.780640 13.731 OC 1.18368 1.18368 N/A 2.39931 N/A N/A 0.72725 0.13321 5791
03456318 0.439021 54964.762794 12.629 OC 0.97249 0.97249 N/A 1.62509 N/A N/A 0.34914 1.00387 0.094
03732732 0.396187 54953.918232 13.462 OC 1.02798 1.02798 N/A 3.15695 N/A N/A 0.82925 1.03682 5946
03745184 0.304243 54964.727982 15.031 OC 1.27128 1.27128 N/A 1.22152 N/A N/A 0.93181 0.11556 4607
03756730 0.379176 54964.958733 14.595 OC 0.93742 0.93742 N/A 0.54540 N/A N/A 0.35204 0.71546 5638
03832382 0.272650 54964.604752 15.691 OC 1.16464 1.16464 N/A 0.84377 N/A N/A 0.80020 0.11947 4454
03833859 0.431744 54954.084206 11.987 OC 0.96833 0.96833 N/A 0.66431 N/A N/A 0.44973 0.57379 6011
03837677 0.461984 54964.803963 15.548 OC 1.05685 1.05685 N/A 1.60226 N/A N/A 0.78095 0.54857 5466
03848042 0.411445 54964.756393 14.965 OC 0.98716 0.98716 N/A 1.01211 N/A N/A 0.44291 0.86432 6398
03853259 0.276646 54964.780075 13.922 OC 0.97920 0.97920 N/A 0.44501 N/A N/A 0.46160 0.14544 4467
03936357 0.369153 54953.851299 12.437 OC 1.00033 1.00033 N/A 1.62031 N/A N/A 0.98965 0.73239 5933
03953981 0.492014 54953.822975 12.633 OC 1.13977 1.13977 N/A 1.62426 N/A N/A 0.69326 0.19984 4925
03956545 0.330279 54964.884514 13.987 OC 1.09188 1.09188 N/A 0.89138 N/A N/A 0.90210 0.13424 5617
03958488 0.622887 54954.155449 13.104 OC 1.00199 1.00199 N/A 1.07951 N/A N/A 0.47741 0.92709 6939
03969362 0.410572 54964.965263 14.274 OC 1.35762 1.35762 N/A 0.85241 N/A N/A 0.67657 0.16765 6560
03972629 0.244242 54964.808975 14.931 OC 1.62232 1.62232 N/A 4.80863 N/A N/A 0.80911 1.11328 5076
04071600 1.674596 54954.587406 13.493 OC 0.96191 0.96191 N/A 1.71677 N/A N/A 0.40662 0.94296 0.094
04074532 0.353145 54953.945488 13.271 OC 1.06828 1.06828 N/A 1.19009 N/A N/A 0.84810 0.08063 5403
04138301 0.253382 54964.686562 14.697 OC 1.06850 1.06850 N/A 1.99693 N/A N/A 0.40816 1.03939 5132
04244929 0.341417 54964.745720 15.064 OC 1.04502 1.04502 N/A 4.82605 N/A N/A 0.79347 0.98690 5857
04249218 0.316196 54964.857323 13.858 OC 1.09588 1.09588 N/A 0.93055 N/A N/A 0.81398 0.10278 5283
04273411 1.219608 54965.669739 13.907 OC 0.97978 0.97978 N/A 1.36148 N/A N/A 0.31217 1.01122 6975
04350454 0.965688 54964.945900 13.624 OC 1.44121 1.44121 N/A 0.70421 N/A N/A 0.61365 0.10371 5907
04385109 0.274645 54964.668175 15.133 OC 1.10887 1.10887 N/A 0.55020 N/A N/A 0.56168 0.08415 4739
04458989 0.529863 54954.158737 12.945 OC 1.60250 1.60250 N/A 1.06614 N/A N/A 0.63243 0.45545 6519
04464999 0.434163 54953.821392 13.368 OC 1.01977 1.01977 N/A 1.30166 N/A N/A 0.91195 0.30327 5820
04473355 0.411948 54964.579498 15.656 ELV 0.99328 0.99328 N/A 1.29865 N/A N/A 0.53245 0.64904 3947
04474193 0.322510 54964.728912 15.297 OC 1.02987 1.02987 N/A 3.57095 N/A N/A 0.78583 0.87964 5319
04563150 0.274729 54964.766296 13.997 OC 1.09000 1.09000 N/A 1.77218 N/A N/A 0.92552 0.49334 4865
04569923 0.313582 54964.658287 13.873 OC 1.03563 1.03563 N/A 0.64746 N/A N/A 0.50215 0.45147 5557
04661397 0.292312 54964.693184 15.373 OC 1.08642 1.08642 N/A 2.02127 N/A N/A 0.54071 0.96769 5546
04669592 0.378430 54964.984978 13.081 OC 1.03908 1.03908 N/A 0.96674 N/A N/A 0.81284 0.08690 0.477
04672934 0.382741 54964.709129 13.792 OC 1.05459 1.05459 N/A 2.66708 N/A N/A 0.51405 1.03611 5590
04743626 1.302944 54954.919765 12.104 OC 0.96299 0.96299 N/A 1.73625 N/A N/A 0.44048 0.89587 6219
04752731 1.147899 54965.921486 13.558 OC 0.98798 0.98798 N/A 6.48316 N/A N/A 1.08348 0.24866 0.595
04762887 0.736560 54964.772057 14.366 OC 0.98812 0.98812 N/A 1.40650 N/A N/A 0.35615 0.97686 6556
04819564 0.761208 54965.356369 14.672 OC 1.00659 1.00659 N/A 1.29841 N/A N/A 0.54040 0.62439 4125
04843222 0.387374 54964.902924 14.390 OC 0.99786 0.99786 N/A 1.08278 N/A N/A 0.54554 0.98984 5976
04853067 1.341016 54954.856956 13.142 OC 0.97214 0.97214 N/A 1.48018 N/A N/A 0.30724 1.03002 5838
04904304 0.389472 54964.743439 13.004 OC 1.05404 1.05404 N/A 2.06335 N/A N/A 0.85100 0.65746 5954
04909422 0.395106 54953.787136 12.135 OC 1.07764 1.07764 N/A 1.29088 N/A N/A 0.78446 0.06094 5404
04921906 0.213734 54964.617851 15.203 OC 1.04134 1.04134 N/A 2.06907 N/A N/A 0.43430 1.03055 4800
04937217 0.429341 54964.626274 15.402 OC 1.04338 1.04338 N/A 1.66394 N/A N/A 0.91982 0.62599 6075
04937350 0.393677 54964.634277 14.273 OC 1.00747 1.00747 N/A 2.34677 N/A N/A 0.70533 0.93853 5862
04940226 0.378736 54964.803177 14.341 OC 1.05821 1.05821 N/A 1.25807 N/A N/A 0.75676 0.75920 5997
04941060 0.303422 54964.691780 15.380 OC 1.10828 1.10828 N/A 1.33663 N/A N/A 0.96117 0.43197 5197
04945857 0.335428 54964.822884 13.964 OC 1.05729 1.05729 N/A 1.16985 N/A N/A 0.81478 0.08667 5232
04950505 0.294811 54964.865387 14.689 OC 1.03911 1.03911 N/A 1.04706 N/A N/A 0.56656 0.49567 5625
04991959 0.360941 54964.757423 15.022 OC 1.02547 1.02547 N/A 1.16100 N/A N/A 0.93708 0.26125 5683
04999260 0.378369 54953.743023 9.333 OC 1.01611 1.01611 N/A 1.29206 N/A N/A 0.47551 0.63491 5048
05005570 0.422817 54964.986443 13.685 OC 1.02757 1.02757 N/A 1.18970 N/A N/A 0.47228 0.36972 5658
05015926 0.362681 54953.963928 12.952 OC 1.05678 1.05678 N/A 1.33077 N/A N/A 0.77664 0.08149 5848
05022573 0.441738 54953.972145 11.474 OC 0.98592 0.98592 N/A 0.98787 N/A N/A 0.50854 0.88389 5648
05095098 1.483068 54965.165916 15.057 OC 1.05135 1.05135 N/A 2.00650 N/A N/A 0.75636 0.18884 4063
05110245 0.778062 54965.134850 15.471 OC 0.98511 0.98511 N/A 1.47331 N/A N/A 0.41261 0.88071 6045
05123176 0.707831 54953.902660 11.461 OC 1.03391 1.03391 N/A 1.09238 N/A N/A 0.82339 0.21248 6750
05128972 0.505302 54965.048584 13.236 OC 1.20938 1.20938 N/A 1.39625 N/A N/A 0.77944 0.10131 5776
05201619 0.507273 54964.775131 13.046 OC 1.15020 1.15020 N/A 0.83581 N/A N/A 0.88435 0.07857 6498
05218385 0.281538 54964.581512 14.616 OC 1.05789 1.05789 N/A 2.60978 N/A N/A 0.60008 0.94796 5260
05259926 0.437821 54964.909637 14.210 OC 1.00334 1.00334 N/A 1.31174 N/A N/A 0.35048 0.96004 5869
05282464 0.496398 54964.706993 12.796 OC 1.22315 1.22315 N/A 0.76713 N/A N/A 0.68718 0.05301 7472
05283266 0.314644 54964.675430 14.196 OC 1.17891 1.17891 N/A 1.26151 N/A N/A 0.84187 0.44462 4921
05283839 0.315238 54964.852119 15.156 OC 1.00121 1.00121 N/A 2.64974 N/A N/A 0.84542 1.02280 5906
05307780 0.308846 54964.976531 14.906 OC 1.04368 1.04368 N/A 1.65006 N/A N/A 0.81015 0.45788 6075
05310387 0.441666 54953.663410 12.682 OC 1.04263 1.04263 N/A 3.39203 N/A N/A 0.73986 1.08456 6520
05353374 0.393323 54964.661049 14.068 OC 1.02415 1.02415 N/A 1.17430 N/A N/A 0.90809 0.37799 6402
05369419 0.437677 54954.048138 12.973 OC 1.01094 1.01094 N/A 1.29131 N/A N/A 0.32570 0.98534 6669
05371109 1.191720 54965.790344 13.972 OC 0.97911 0.97911 N/A 0.50580 N/A N/A 0.47167 0.21718 7396
05374883 0.419711 54964.755676 15.463 OC 1.04849 1.04849 N/A 1.23669 N/A N/A 0.83041 0.26370 5818
05425950 0.378167 54964.615738 15.003 OC 1.13751 1.13751 N/A 0.92965 N/A N/A 0.90553 0.20248 5483
05426665 0.389549 54964.879723 14.475 OC 1.03483 1.03483 N/A 0.86813 N/A N/A 0.82814 0.11237 6012
05439790 0.796107 54954.502747 13.248 OC 1.05713 1.05713 N/A 1.73103 N/A N/A 0.94239 0.66703 6566
05440746 0.482646 54964.945740 14.172 OC 1.20787 1.20787 N/A 1.82085 N/A N/A 0.49281 0.79425 6138
05450322 0.424032 54964.997185 14.786 OC 1.02289 1.02289 N/A 1.27276 N/A N/A 0.42517 0.90547 5741
05459373 0.286614 54964.668884 15.091 OC 0.98435 0.98435 N/A 0.90725 N/A N/A 0.42716 0.78941 4982
05468295 0.352017 54964.779861 14.310 OC 1.01047 1.01047 N/A 2.89149 N/A N/A 0.77554 0.90524 5758
05478466 0.482484 54964.857391 14.226 OC 1.00675 1.00675 N/A 2.94879 N/A N/A 0.73570 0.86936 5809
05480282 0.360983 54964.710632 14.744 OC 0.97227 0.97227 N/A 1.21091 N/A N/A 0.31185 0.98359 6137
05535061 0.463427 54954.050381 12.388 OC 1.01548 1.01548 N/A 1.58142 N/A N/A 0.99428 0.88121 6580
05557368 0.297937 54953.765076 12.650 OC 1.17734 1.17734 N/A 3.71995 N/A N/A 0.60302 1.07038 5143
05563814 0.308252 54964.677567 15.192 OC 1.14054 1.14054 N/A 4.18416 N/A N/A 0.67693 1.07629 5032
05567438 0.584536 54964.987778 13.809 OC 1.03319 1.03319 N/A 2.98390 N/A N/A 0.62542 0.83645 6289
05620981 0.333516 54964.757942 14.873 OC 1.13314 1.13314 N/A 0.80264 N/A N/A 0.79943 0.07300 5406
05651175 0.985203 54965.225784 14.732 OC 0.98958 0.98958 N/A 1.29927 N/A N/A 0.32509 0.99068 6467
05685072 0.255904 54964.625946 13.187 OC 1.02786 1.02786 N/A 0.81169 N/A N/A 0.96011 0.20170 4626
05699617 0.288919 54964.792549 14.971 OC 1.08593 1.08593 N/A 0.81031 N/A N/A 0.76120 0.07841 4817
05703230 0.731513 54954.353607 11.795 OC 1.01111 1.01111 N/A 0.95543 N/A N/A 0.39181 0.84913 7748
05770431 0.392440 54953.923180 13.399 OC 1.07062 1.07062 N/A 2.09971 N/A N/A 0.80645 0.61280 6338
05770860 0.737556 54965.269478 13.857 OC 1.08030 1.08030 N/A 1.53942 N/A N/A 0.80731 0.26724 6391
05790912 0.383314 54964.716972 14.494 OC 1.05475 1.05475 N/A 0.93428 N/A N/A 0.83250 0.08299 5733
05802834 1.092437 54954.477451 12.211 OC 1.11710 1.11710 N/A 2.05763 N/A N/A 0.52666 0.71993 6077
05809868 0.439394 54964.797165 12.955 OC 1.11278 1.11278 N/A 1.51624 N/A N/A 0.90281 0.46340 6878
05820209 0.656124 54964.821518 13.495 OC 0.93571 0.93571 N/A 0.55907 N/A N/A 0.60481 -0.02419 4750
05951553 0.431962 54965.016861 15.343 OC 1.05233 1.05233 N/A 5.23075 N/A N/A 0.70011 1.03845 5863
05955731 1.003843 54954.562859 12.993 OC 1.03725 1.03725 N/A 2.02814 N/A N/A 0.42574 1.03526 0.007
05961327 0.299200 54964.856949 15.417 OC 1.01185 1.01185 N/A 0.69154 N/A N/A 0.78868 0.23475 4842
05962877 1.200747 54965.426689 12.764 OC 0.97475 0.97475 N/A 1.47625 N/A N/A 0.37521 0.92509 5646
05978521 0.608153 54964.693230 13.676 OC 1.06966 1.06966 N/A 1.59179 N/A N/A 0.42230 0.97907 6439
05984000 0.323056 54964.655289 14.431 OC 1.02654 1.02654 N/A 1.66304 N/A N/A 0.89740 0.57708 5414
06024572 0.414908 54964.651901 15.521 OC 1.03670 1.03670 N/A 1.35353 N/A N/A 0.85761 0.37929 6224
06044543 0.532086 54964.913620 13.764 OC 1.28974 1.28974 N/A 1.30727 N/A N/A 0.91833 0.11845 7240
06050116 0.239908 54964.709343 14.258 OC 1.02063 1.02063 N/A 1.73866 N/A N/A 0.97288 0.56329 4569
06057829 0.483421 54954.079842 13.309 OC 1.50280 1.50280 N/A 5.18126 N/A N/A 0.74179 1.06791 5444
06061139 0.322438 54964.914909 15.232 OC 1.15943 1.15943 N/A 0.78187 N/A N/A 0.75080 0.06049 5063
06106771 0.263825 54964.615875 15.491 OC 1.14981 1.14981 N/A 4.03226 N/A N/A 0.96772 0.82081 5559
06118779 0.364228 54964.630509 15.510 OC 1.04700 1.04700 N/A 4.95089 N/A N/A 0.85010 1.10713 5428
06128248 0.291745 54964.751175 15.166 OC 1.13776 1.13776 N/A 1.18306 N/A N/A 0.84511 0.29062 4867
06148704 0.305845 54953.896420 13.330 OC 0.96830 0.96830 N/A 1.65852 N/A N/A 0.33798 1.02104 5998
06209824 1.262963 54954.935814 12.127 OC 0.96452 0.96452 N/A 1.61661 N/A N/A 0.34064 1.01008 0.054
06223646 0.364931 54953.713642 13.552 OC 0.95052 0.95052 N/A 0.58182 N/A N/A 0.59907 -0.02335 7907
06281103 0.363295 54964.864906 14.899 OC 0.98442 0.98442 N/A 0.48825 N/A N/A 0.46060 0.46292 5715
06309193 0.212490 54964.609650 13.674 OC 0.96097 0.96097 N/A 1.63145 N/A N/A 0.34056 0.99366 5367
06350020 0.241793 54964.613663 15.383 OC 0.99926 0.99926 N/A 1.56992 N/A N/A 0.38407 0.95907 5592
06359771 0.406050 54964.977455 14.967 OC 1.03248 1.03248 N/A 1.72013 N/A N/A 0.30922 1.07206 6078
06368316 0.338508 54964.635239 15.084 OC 0.94151 0.94151 N/A 0.43453 N/A N/A 0.43136 0.12039 5440
06370361 0.454909 54953.659607 13.210 OC 1.04037 1.04037 N/A 1.61278 N/A N/A 0.84520 0.37871 6509
06370665 0.932332 54965.407692 13.999 OC 1.02381 1.02381 N/A 1.56156 N/A N/A 0.54067 1.01741 7386
06390205 0.449406 54964.656105 12.545 OC 1.26437 1.26437 N/A 5.43852 N/A N/A 0.91050 0.51881 8254
06424124 0.385530 54964.891190 13.979 OC 1.02062 1.02062 N/A 3.50355 N/A N/A 0.81390 0.98101 5797
06431545 0.316830 54964.588356 13.853 OC 0.97142 0.97142 N/A 0.55430 N/A N/A 0.57080 0.00285 5459
06447430 1.160001 54954.150162 11.405 OC 0.97738 0.97738 N/A 1.68841 N/A N/A 0.41215 0.92499 8010
06467389 0.288977 54953.685947 13.132 OC 1.10447 1.10447 N/A 0.78447 N/A N/A 0.76618 0.06432 5183
06471048 0.297229 54953.687698 12.836 OC 1.37210 1.37210 N/A 5.14833 N/A N/A 0.90538 1.11522 4850
06504095 0.306778 54964.634819 14.842 OC 1.06794 1.06794 N/A 2.67672 N/A N/A 0.51310 1.05335 5679
06521123 0.366383 54964.987015 14.551 OC 1.05125 1.05125 N/A 0.71775 N/A N/A 0.70288 0.03319 5550
06529902 0.284806 54964.747452 15.311 OC 0.99676 0.99676 N/A 1.59927 N/A N/A 0.33428 0.99268 6408
06615041 0.340086 54964.808167 13.877 OC 1.03485 1.03485 N/A 0.84420 N/A N/A 0.88059 0.16015 5718
06677225 0.525029 54964.732567 13.715 OC 1.01395 1.01395 N/A 0.80950 N/A N/A 0.78109 0.79971 7163
06689368 1.270127 54954.344925 12.982 OC 0.99126 0.99126 N/A 0.89737 N/A N/A 0.35162 0.80776 0.013
06791604 0.528800 54964.684822 13.924 OC 1.20401 1.20401 N/A 1.87133 N/A N/A 0.92908 0.12676 7346
06803335 1.110935 54954.329090 12.118 OC 0.97795 0.97795 N/A 4.51473 N/A N/A 0.99754 0.12773 0.002
06838978 1.106758 54954.258377 11.900 OC 0.97840 0.97840 N/A 1.17128 N/A N/A 0.32290 0.96313 6150
06843507 0.343183 54964.767944 15.093 OC 1.07301 1.07301 N/A 0.84507 N/A N/A 0.83603 0.07833 5489
06861400 0.316263 54964.721855 12.749 OC 0.87757 0.87757 N/A 6.58851 N/A N/A 1.09973 0.20760 6484
06871716 0.255658 54964.721397 14.861 OC 1.00308 1.00308 N/A 1.47654 N/A N/A 0.39407 0.91326 5657
06964796 0.399961 54964.682953 12.611 OC 1.03091 1.03091 N/A 0.55307 N/A N/A 0.48229 0.54687 5657
06966265 0.313431 54964.759163 14.550 OC 1.05839 1.05839 N/A 1.25019 N/A N/A 0.90061 0.19569 5460
07013934 0.641361 54953.768280 12.940 OC 1.17011 1.17011 N/A 1.78066 N/A N/A 0.47639 0.96965 7699
07035139 0.309752 54964.842155 15.480 OC 1.10429 1.10429 N/A 1.17361 N/A N/A 0.86814 0.56084 5656
07037319 0.578120 54965.126701 13.712 OC 1.18782 1.18782 N/A 0.77940 N/A N/A 0.63907 0.13407 7027
07118621 0.370553 54964.861839 14.136 OC 1.02561 1.02561 N/A 0.82726 N/A N/A 0.91508 0.10425 5693
07118656 0.321355 54964.747803 15.033 OC 1.14987 1.14987 N/A 3.28604 N/A N/A 0.53787 1.06818 5271
07119876 0.366380 54964.656464 15.015 OC 1.05593 1.05593 N/A 2.90271 N/A N/A 0.87231 0.70082 5995
07130044 0.297664 54964.697685 14.302 OC 1.09433 1.09433 N/A 0.94763 N/A N/A 0.83958 0.14496 5047
07173910 0.402247 54964.705879 14.360 OC 1.08741 1.08741 N/A 0.74577 N/A N/A 0.73864 0.11807 5792
07199353 0.281985 54964.815544 14.490 OC 1.15099 1.15099 N/A 3.89781 N/A N/A 0.96154 0.78330 5166
07217866 0.407167 54964.726334 13.865 OC 1.02512 1.02512 N/A 0.94306 N/A N/A 0.63621 0.92786 5600
07259917 0.384681 54953.806061 12.132 OC 1.23599 1.23599 N/A 0.90340 N/A N/A 0.79179 0.07718 0.014
07269797 0.281794 54964.708412 15.637 OC 1.09333 1.09333 N/A 0.74488 N/A N/A 0.68236 0.05229 5163
07269843 0.268211 54964.571152 15.962 OC 1.10761 1.10761 N/A 2.70449 N/A N/A 0.91782 0.51553 5002
07272739 0.281163 54964.855293 12.961 OC 1.19072 1.19072 N/A 3.55492 N/A N/A 0.94752 0.96876 5192
07282128 0.347054 54964.932869 14.338 OC 0.97823 0.97823 N/A 0.50224 N/A N/A 0.43377 0.59780 5363
07304911 0.625572 54954.040691 12.769 OC 1.02822 1.02822 N/A 0.86367 N/A N/A 0.42509 0.80994 6683
07339123 0.347103 54953.722267 11.541 OC 1.06198 1.06198 N/A 1.18342 N/A N/A 0.69834 0.16269 6138
07339345 0.259663 54964.778671 15.200 OC 1.01104 1.01104 N/A 1.16237 N/A N/A 0.90831 0.27016 4877
07362751 0.338261 54964.742226 15.774 OC 1.05582 1.05582 N/A 1.48699 N/A N/A 0.49167 0.69029 5079
07367833 0.286213 54964.850670 15.342 OC 1.09867 1.09867 N/A 0.79829 N/A N/A 0.76710 0.04357 5799
07387296 2.579583 54955.332207 11.055 OC 0.98000 0.98000 N/A 1.97684 N/A N/A 0.48154 0.86888 8822
07457163 0.774598 54954.116646 12.442 OC 1.16486 1.16486 N/A 2.02006 N/A N/A 0.73555 0.54552 6155
07458285 0.660620 54964.863007 13.519 OC 1.21898 1.21898 N/A 1.16240 N/A N/A 0.85120 0.15322 6536
07501230 0.892755 54954.446766 12.447 OC 1.06000 1.06000 N/A 1.17649 N/A N/A 0.91030 0.21721 6977
07506164 0.558018 54964.899292 13.682 OC 1.10805 1.10805 N/A 1.24671 N/A N/A 0.43708 0.91245 7576
07512381 0.423924 54953.970577 12.737 OC 1.02191 1.02191 N/A 1.28633 N/A N/A 0.97069 0.35061 5911
07516345 0.491880 54964.910065 12.325 OC 1.12156 1.12156 N/A 0.74437 N/A N/A 0.67727 0.04487 6885
07518816 0.466588 54953.691799 12.846 OC 1.42459 1.42459 N/A 2.15230 N/A N/A 0.92600 0.09022 6087
07542091 0.390492 54953.875671 12.343 OC 1.05117 1.05117 N/A 0.86508 N/A N/A 0.76620 0.09147 5673
07584739 0.911564 54954.431988 13.380 OC 1.17022 1.17022 N/A 1.08681 N/A N/A 0.81612 0.14016 6772
07597095 0.301206 54964.710678 14.199 OC 1.09049 1.09049 N/A 2.26546 N/A N/A 0.98882 0.73007 4915
07610486 0.457691 54964.752892 15.684 OC 1.04465 1.04465 N/A 0.72838 N/A N/A 0.70318 0.03548 5682
07657914 0.474529 54953.983368 12.906 OC 1.29528 1.29528 N/A 0.79680 N/A N/A 0.78228 0.04344 6794
07676610 1.225750 54954.635113 12.641 OC 1.14792 1.14792 N/A 1.93092 N/A N/A 0.44337 0.91171 8493
07685693 0.325149 54964.930267 13.946 OC 1.01771 1.01771 N/A 1.14026 N/A N/A 0.50028 0.60583 4792
07697065 0.272770 54964.745361 15.115 OC 1.13435 1.13435 N/A 2.25548 N/A N/A 0.56437 0.77824 5126
07698650 0.599154 54965.214561 15.228 OC 1.05597 1.05597 N/A 2.88366 N/A N/A 0.85250 0.98785 6107
07709086 0.409483 54964.836288 15.810 OC 1.03344 1.03344 N/A 0.80925 N/A N/A 0.81351 0.13586 5512
07744173 0.398518 54964.748047 13.687 OC 1.01636 1.01636 N/A 0.71597 N/A N/A 0.60946 0.72383 5922
07816201 0.574947 54954.116333 12.018 OC 1.02179 1.02179 N/A 1.94565 N/A N/A 0.56233 1.04448 0.016
07830460 3.397683 54957.433132 12.080 OC 0.99371 0.99371 N/A 1.31516 N/A N/A 0.34331 0.97258 7269
07835348 0.664101 54965.170929 15.385 OC 1.02877 1.02877 N/A 0.66024 N/A N/A 0.61693 0.12076 5960
07839027 0.720681 54964.819992 13.842 OC 1.10009 1.10009 N/A 2.10776 N/A N/A 0.92327 0.11368 7500
07871200 0.242908 54953.673687 12.799 OC 1.04703 1.04703 N/A 1.87267 N/A N/A 1.00146 0.65320 4644
07877062 0.303653 54964.778114 13.827 OC 1.03823 1.03823 N/A 0.77119 N/A N/A 0.73032 0.15267 5484
07879404 0.392701 54964.684158 11.835 OC 1.06520 1.06520 N/A 1.18220 N/A N/A 0.79509 0.06990 4291
07881722 0.953232 54954.111855 13.585 OC 1.01762 1.01762 N/A 1.24466 N/A N/A 0.28357 1.02431 7762
07889628 0.342389 54964.790604 15.081 OC 1.01012 1.01012 N/A 1.24029 N/A N/A 0.32007 0.98085 5746
07950962 0.826964 54953.822182 10.678 OC 0.95484 0.95484 N/A 0.84713 N/A N/A 0.74276 0.02785 6800
07973882 0.346632 54964.604233 15.208 OC 0.94187 0.94187 N/A 1.95902 N/A N/A 0.57607 0.52719 5314
07977261 0.925815 54954.336910 13.146 OC 1.15384 1.15384 N/A 2.24637 N/A N/A 0.54312 0.87119 6146
08004839 0.343747 54964.960617 15.129 OC 1.01080 1.01080 N/A 1.53335 N/A N/A 0.36549 0.99173 5660
08035743 0.869718 54965.297954 14.988 OC 0.96869 0.96869 N/A 1.65843 N/A N/A 0.30944 1.04857 5615
08039225 1.794149 54955.656334 13.191 OC 1.02587 1.02587 N/A 3.59140 N/A N/A 0.76848 0.57765 6426
08053107 0.388869 54964.718513 13.659 OC 1.00712 1.00712 N/A 1.61998 N/A N/A 0.93380 0.78684 6080
08074045 0.536382 54964.971725 13.639 SD 0.45351 0.45351 0.64410 N/A -0.01854 -0.13173 0.97911 N/A 6754
08108785 0.228826 54964.642540 14.757 OC 1.13113 1.13113 N/A 2.50012 N/A N/A 0.93801 0.39833 4354
08111387 1.273536 54954.295689 13.185 OC 0.94852 0.94852 N/A 1.11229 N/A N/A 0.31592 0.96878 6062
08122124 0.249276 54964.613205 13.638 OC 0.97006 0.97006 N/A 1.49469 N/A N/A 0.39829 0.92609 6250
08143757 0.356520 54964.839943 14.761 OC 1.02979 1.02979 N/A 0.82798 N/A N/A 0.81839 0.16388 5847
08177958 1.235292 54954.776409 11.953 OC 0.95415 0.95415 N/A 1.68641 N/A N/A 0.34054 1.00822 6681
08190491 0.777902 54965.199799 14.250 OC 1.20532 1.20532 N/A 2.56138 N/A N/A 0.47056 1.06523 5972
08190613 0.332592 54964.800507 15.126 OC 1.01987 1.01987 N/A 0.80900 N/A N/A 0.68963 0.76234 5384
08192840 0.433560 54965.012589 13.466 OC 1.00797 1.00797 N/A 1.03616 N/A N/A 0.42362 0.87115 6136
08241252 0.354042 54964.649315 14.876 OC 1.04316 1.04316 N/A 1.05185 N/A N/A 0.86726 0.17124 5932
08242493 0.283284 54964.623672 14.697 OC 1.18953 1.18953 N/A 3.74870 N/A N/A 0.94086 0.62243 4985
08257903 0.515063 54965.059555 13.521 OC 1.01043 1.01043 N/A 1.42983 N/A N/A 0.97825 0.60350 5930
08263940 0.515490 54965.133148 13.458 OC 1.02844 1.02844 N/A 1.12583 N/A N/A 0.39251 0.91425 7639
08265951 0.779974 54954.237427 12.734 OC 1.08591 1.08591 N/A 1.31209 N/A N/A 0.87995 0.39937 7044
08309175 0.299594 54964.749626 15.280 OC 1.07660 1.07660 N/A 1.00485 N/A N/A 0.51291 0.83280 5473
08311255 0.579123 54964.759933 13.666 OC 1.45060 1.45060 N/A 3.17722 N/A N/A 0.92108 0.64674 0.046
08330092 0.321724 54964.941925 13.484 OC 1.02753 1.02753 N/A 1.24152 N/A N/A 0.47302 0.71912 6902
08382182 1.258819 54965.476967 8.183 OC 0.97276 0.97276 N/A 1.96157 N/A N/A 0.41525 0.96439 9207
08394040 0.302131 54964.877167 14.457 OC 1.10439 1.10439 N/A 2.50622 N/A N/A 0.60450 0.92611 5697
08431389 0.351100 54964.947594 14.592 OC 1.07440 1.07440 N/A 0.75343 N/A N/A 0.72324 0.05113 5654
08452840 1.201347 54954.158482 12.594 OC 0.96528 0.96528 N/A 1.53839 N/A N/A 0.31451 1.02764 6473
08539850 0.642105 54964.745857 13.924 OC 0.98924 0.98924 N/A 0.72840 N/A N/A 0.54211 0.97633 7238
08545456 0.315205 54953.666580 11.724 OC 1.02405 1.02405 N/A 1.02929 N/A N/A 0.53082 0.35300 7855
08548416 1.163771 54954.929420 13.340 OC 1.07955 1.07955 N/A 1.28731 N/A N/A 0.32844 0.99548 0.126
08555573 0.326365 54964.830147 14.534 OC 1.08525 1.08525 N/A 1.69721 N/A N/A 0.53874 0.89383 5564
08563964 0.338435 54953.846481 12.942 OC 0.96044 0.96044 N/A 1.60155 N/A N/A 0.35737 0.99472 0.054
08579707 0.788575 54953.851711 11.544 OC 0.97211 0.97211 N/A 3.61002 N/A N/A 0.82888 0.44543 6244
08587792 0.368173 54953.658531 11.817 OC 1.01349 1.01349 N/A 1.88447 N/A N/A 0.97969 0.65180 5731
08590274 0.551969 54965.214745 15.018 OC 1.48743 1.48743 N/A 0.68648 N/A N/A 0.61804 0.03554 5056
08652599 1.360982 54955.143860 13.435 OC 1.06422 1.06422 N/A 4.08908 N/A N/A 0.92742 0.22348 0.068
08690104 0.408768 54964.834839 14.871 OC 0.99576 0.99576 N/A 1.59079 N/A N/A 0.97722 0.57678 5868
08696274 0.391482 54964.693581 14.099 OC 1.04016 1.04016 N/A 3.99299 N/A N/A 0.76546 1.00968 0.106
08703528 0.399873 54953.970444 13.034 OC 1.03050 1.03050 N/A 0.97602 N/A N/A 0.90313 0.18883 5285
08715667 0.405704 54964.915779 13.410 OC 1.02526 1.02526 N/A 0.78063 N/A N/A 0.74078 0.21828 5527
08800998 0.882782 54965.520380 13.721 OC 1.02232 1.02232 N/A 1.07163 N/A N/A 0.31510 0.93010 8616
08823666 0.432450 54953.892441 12.638 OC 1.02365 1.02365 N/A 1.09068 N/A N/A 0.87184 0.24941 5959
08872737 0.459097 54964.793358 15.748 OC 1.00022 1.00022 N/A 1.57875 N/A N/A 0.62210 1.01478 5338
08904448 0.865968 54965.058037 13.879 OC 1.35707 1.35707 N/A 0.78196 N/A N/A 0.69541 0.04435 7820
08957887 0.347344 54964.886322 15.430 OC 1.12380 1.12380 N/A 2.02442 N/A N/A 0.57606 1.09542 5367
08982514 0.414488 54953.929981 13.226 OC 1.00232 1.00232 N/A 1.32096 N/A N/A 0.88904 0.78827 5635
09002076 0.481411 54953.989498 12.256 OC 0.97088 0.97088 N/A 1.49749 N/A N/A 0.31663 1.01444 6434
09020289 0.384029 54964.859459 14.741 OC 1.04834 1.04834 N/A 3.96313 N/A N/A 0.69006 1.00632 5997
09026766 0.272123 54964.849205 14.998 OC 1.01050 1.01050 N/A 2.09477 N/A N/A 0.98113 0.57554 4880
09030509 0.401816 54964.960121 14.480 OC 1.02514 1.02514 N/A 4.96875 N/A N/A 0.91901 1.08539 5172
09030817 2.026005 54966.362297 13.810 OC 0.95412 0.95412 N/A 1.53311 N/A N/A 0.32528 1.01514 6266
09032671 0.249601 54953.799950 12.982 OC 1.03022 1.03022 N/A 1.68082 N/A N/A 0.40666 0.90730 4807
09051723 0.403439 54964.700157 15.292 OC 0.99714 0.99714 N/A 1.48055 N/A N/A 0.38501 0.94010 5213
09071104 0.385217 54964.763756 13.651 OC 1.06780 1.06780 N/A 1.00996 N/A N/A 0.82876 0.18487 5959
09071373 0.421733 54953.996700 13.069 OC 1.48673 1.48673 N/A 0.89566 N/A N/A 0.58740 0.83240 0.009
09087918 0.445619 54964.862358 14.486 OC 1.00394 1.00394 N/A 1.28396 N/A N/A 0.94488 0.41514 5675
09094335 0.340748 54964.695137 15.360 OC 1.01918 1.01918 N/A 0.98526 N/A N/A 0.48304 0.83346 5530
09097798 0.334065 54964.718971 14.581 OC 1.00852 1.00852 N/A 1.24591 N/A N/A 0.45056 0.87439 5592
09108579 1.169653 54955.001602 11.560 OC 1.04738 1.04738 N/A 1.45080 N/A N/A 0.33560 0.99179 6386
09110213 0.337079 54964.652336 15.986 OC 1.09285 1.09285 N/A 2.08650 N/A N/A 0.82600 0.15890 4400
09114111 0.381259 54964.931267 14.792 OC 1.01479 1.01479 N/A 1.40945 N/A N/A 0.44925 0.80848 5051
09145707 0.320775 54964.766624 14.750 OC 1.14362 1.14362 N/A 3.23753 N/A N/A 0.98686 0.93565 5399
09179806 0.280968 54964.809013 15.173 OC 1.12248 1.12248 N/A 0.71524 N/A N/A 0.69879 0.17795 5189
09205351 0.364691 54964.712669 15.304 OC 1.06218 1.06218 N/A 1.56049 N/A N/A 0.66192 0.29029 5046
09228778 1.566562 54954.090004 12.038 OC 0.99048 0.99048 N/A 1.12756 N/A N/A 0.40167 0.85251 0.035
09237755 0.331670 54964.781189 14.219 OC 1.66326 1.66326 N/A 4.80798 N/A N/A 0.74768 1.07706 5176
09245929 0.308355 54964.744133 15.538 OC 1.12427 1.12427 N/A 1.51587 N/A N/A 0.49293 0.91251 5093
09268105 0.425706 54964.794365 13.604 OC 1.02461 1.02461 N/A 2.82125 N/A N/A 0.91680 0.43293 6046
09272276 0.280620 54953.840050 13.160 OC 1.02289 1.02289 N/A 1.84855 N/A N/A 0.86212 0.44152 5560
09274472 0.302093 54964.723022 13.919 OC 1.18804 1.18804 N/A 1.95704 N/A N/A 0.70110 0.99188 5112
09283826 0.356528 54953.795086 13.092 OC 1.02436 1.02436 N/A 0.81105 N/A N/A 0.80390 0.23463 5674
09290838 0.363038 54964.747780 15.498 OC 0.91854 0.91854 N/A 0.39734 N/A N/A 0.40746 -0.08759 5395
09345163 0.245123 54964.756599 15.458 OC 0.93597 0.93597 N/A 5.14513 N/A N/A 1.09326 0.07365 4799
09350889 0.725954 54954.241455 13.572 OC 1.07187 1.07187 N/A 3.23893 N/A N/A 0.74247 1.09707 6725
09353234 1.486518 54965.436844 13.725 OC 0.96675 0.96675 N/A 1.48091 N/A N/A 0.31158 1.02379 8595
09365025 0.984269 54954.469391 11.902 OC 0.96093 0.96093 N/A 1.57333 N/A N/A 0.32233 1.02360 8012
09388304 0.266706 54964.664894 15.969 OC 1.04086 1.04086 N/A 0.86183 N/A N/A 0.76111 0.07345 5221
09389122 0.349950 54964.907967 14.313 OC 1.04411 1.04411 N/A 1.06949 N/A N/A 0.91785 0.21320 5400
09392682 0.892942 54954.621861 11.498 OC 1.05971 1.05971 N/A 2.17433 N/A N/A 0.87723 0.32203 7195
09402649 0.321803 54953.682194 11.060 OC 0.95487 0.95487 N/A 1.73170 N/A N/A 0.34025 1.01627 6136
09410906 0.241808 54964.715599 14.647 OC 0.98343 0.98343 N/A 1.92792 N/A N/A 0.36416 1.03992 5659
09414905 0.456518 54964.709465 13.634 OC 1.00779 1.00779 N/A 1.13165 N/A N/A 0.42368 0.81720 5792
09451598 0.362354 54964.811043 13.627 OC 0.98637 0.98637 N/A 0.86807 N/A N/A 0.44231 0.81747 6060
09453192 0.718820 54964.891365 14.022 OC 1.12848 1.12848 N/A 2.08431 N/A N/A 0.88055 0.67431 6729
09466316 0.352505 54964.905128 15.702 OC 0.98984 0.98984 N/A 1.29473 N/A N/A 0.36158 0.93379 5223
09470175 0.303827 54964.843880 15.347 OC 1.04384 1.04384 N/A 1.74242 N/A N/A 0.98213 0.70031 5438
09475663 0.708038 54953.843025 12.494 OC 0.96255 0.96255 N/A 5.05940 N/A N/A 1.06516 -0.07712 7790
09508052 0.280000 54964.649841 15.923 OC 1.05445 1.05445 N/A 1.46773 N/A N/A 0.61728 1.00909 5004
09519590 0.330911 54964.672905 13.916 OC 1.00905 1.00905 N/A 0.75524 N/A N/A 0.48903 0.69395 5961
09592145 0.488858 54965.015457 13.973 OC 1.68789 1.68789 N/A 1.82137 N/A N/A 0.87625 0.08136 6658
09637239 0.773014 54954.063164 13.046 OC 1.04031 1.04031 N/A 0.70698 N/A N/A 0.51772 0.93194 7237
09639491 0.344546 54964.927422 13.885 OC 1.04741 1.04741 N/A 2.58581 N/A N/A 0.94636 0.08072 4833
09642041 0.430046 54953.836803 13.472 OC 0.99283 0.99283 N/A 0.93515 N/A N/A 0.45795 0.88146 6678
09649493 0.371570 54953.795559 12.855 OC 1.02965 1.02965 N/A 3.35488 N/A N/A 0.84957 0.70341 5964
09700154 0.257250 54964.790672 15.495 OC 1.32458 1.32458 N/A 5.37655 N/A N/A 0.83111 1.11512 4315
09722737 0.418522 54964.976265 14.929 OC 1.06105 1.06105 N/A 1.80754 N/A N/A 0.83039 0.24528 6517
09786798 0.445473 54964.915413 15.274 OC 1.00420 1.00420 N/A 1.18376 N/A N/A 0.97249 0.30642 5983
09838047 0.436163 54953.710640 13.492 OC 1.02039 1.02039 N/A 0.64940 N/A N/A 0.64673 0.02417 5574
09882280 0.289079 54964.871712 14.516 OC 0.99686 0.99686 N/A 1.45313 N/A N/A 0.97447 0.51011 5343
09897710 0.425544 54964.676971 15.276 OC 1.01923 1.01923 N/A 2.42107 N/A N/A 0.56953 0.67524 5610
09934052 0.352244 54964.721092 13.801 OC 0.93936 0.93936 N/A 0.60301 N/A N/A 0.53721 0.22419 5946
09947924 0.362812 54953.727001 13.581 OC 1.05143 1.05143 N/A 1.06152 N/A N/A 0.94122 0.08142 5981
09956124 0.362683 54964.894066 12.845 OC 0.97622 0.97622 N/A 1.19819 N/A N/A 0.32971 0.95985 6546
09957411 0.374701 54964.705574 15.110 OC 1.04159 1.04159 N/A 2.57262 N/A N/A 0.84336 0.63869 5983
09991887 0.322410 54964.742432 15.216 OC 1.13883 1.13883 N/A 1.08585 N/A N/A 0.62924 0.93047 5198
09994475 0.318399 54964.733025 14.300 OC 1.03606 1.03606 N/A 0.99330 N/A N/A 0.90595 0.15818 5646
09995660 0.418618 54964.925995 14.875 OC 1.03509 1.03509 N/A 0.78303 N/A N/A 0.80924 0.06720 5560
09995981 0.293266 54964.846237 15.585 OC 1.30734 1.30734 N/A 5.16937 N/A N/A 0.78054 1.09650 5328
10007533 0.648035 54965.040329 13.875 OC 1.12158 1.12158 N/A 3.38905 N/A N/A 0.77554 1.05421 6808
10032935 0.320512 54964.671715 14.638 OC 1.05921 1.05921 N/A 1.54777 N/A N/A 0.73586 0.25415 5806
10119517 0.737469 54954.001602 9.912 OC 0.97186 0.97186 N/A 1.71169 N/A N/A 0.57849 0.63142 6225
10128961 0.347735 54964.924278 15.552 OC 1.10068 1.10068 N/A 1.02124 N/A N/A 0.79767 0.56451 5365
10154189 0.411241 54964.711731 13.683 OC 1.00839 1.00839 N/A 1.26894 N/A N/A 0.84790 0.44446 6169
10226388 0.660675 54954.118843 10.772 OC 1.05114 1.05114 N/A 1.03136 N/A N/A 0.82203 0.12313 0.031
10255110 0.336705 54953.622944 13.488 OC 1.02909 1.02909 N/A 0.60076 N/A N/A 0.63623 0.20523 6213
10267044 0.430042 54964.861023 14.039 OC 1.04270 1.04270 N/A 1.70903 N/A N/A 0.94010 0.68418 6878
10275197 0.390851 54953.705032 12.896 OC 1.02331 1.02331 N/A 1.68877 N/A N/A 0.89836 0.31643 6440
10280990 0.384498 54964.918159 14.318 OC 0.88931 0.88931 N/A 6.14228 N/A N/A 1.08947 -0.09547 5523
10292413 0.559165 54954.200115 13.194 OC 1.02192 1.02192 N/A 2.87356 N/A N/A 0.70652 0.94307 0.071
10322296 0.315033 54964.777016 12.719 OC 1.13371 1.13371 N/A 0.72927 N/A N/A 0.70756 0.04657 0.436
10322582 0.291275 54964.552734 14.795 OC 1.00968 1.00968 N/A 4.44277 N/A N/A 0.90329 1.09367 5806
10355671 0.303642 54953.640232 13.599 OC 1.06604 1.06604 N/A 1.53666 N/A N/A 0.35362 1.01923 5224
10357852 0.488375 54954.070217 13.062 OC 1.01205 1.01205 N/A 1.67633 N/A N/A 0.42232 0.78659 6327
10389809 0.397396 54964.669540 14.635 OC 1.02902 1.02902 N/A 1.14020 N/A N/A 0.88913 0.18546 5786
10395202 0.305947 54964.641991 14.705 OC 1.09172 1.09172 N/A 1.06266 N/A N/A 0.81848 0.29782 5260
10395609 0.364266 54964.759964 14.520 OC 1.04071 1.04071 N/A 1.70935 N/A N/A 0.83897 0.96587 6160
10447902 0.337468 54964.633575 14.918 OC 1.08889 1.08889 N/A 0.89799 N/A N/A 0.82015 0.07398 5578
10485137 0.445277 54954.059135 11.883 OC 1.10998 1.10998 N/A 0.83093 N/A N/A 0.91661 0.02499 6013
10528299 0.399796 54964.630302 13.967 OC 0.99522 0.99522 N/A 1.74067 N/A N/A 0.96045 0.69914 6115
10557008 0.265417 54964.636353 14.662 OC 1.11147 1.11147 N/A 1.55194 N/A N/A 0.92861 0.42619 5088
10618253 0.437417 54964.985069 12.809 OC 1.05811 1.05811 N/A 3.19368 N/A N/A 0.77871 1.11355 6118
10680475 0.349832 54964.776634 14.257 OC 1.02473 1.02473 N/A 1.18926 N/A N/A 0.92294 0.29847 6082
10711938 0.357624 54953.873013 12.144 OC 0.94177 0.94177 N/A 0.42415 N/A N/A 0.40111 0.18160 0.087
10723143 0.307647 54964.836983 15.495 OC 1.08123 1.08123 N/A 1.59717 N/A N/A 0.92861 0.48413 5120
10724533 0.745082 54954.390209 9.038 OC 1.28309 1.28309 N/A 2.39280 N/A N/A 0.83629 0.23246 0
10727655 0.353353 54953.911850 13.433 OC 1.00842 1.00842 N/A 1.22539 N/A N/A 0.97421 0.25531 6074
10794878 0.432778 54954.029915 13.385 OC 1.04019 1.04019 N/A 0.54845 N/A N/A 0.45316 0.45351 5529
10796477 0.484955 54964.678574 14.107 OC 1.13335 1.13335 N/A 1.03779 N/A N/A 0.92344 0.19731 6213
10797126 0.432433 54964.628738 13.918 OC 1.27068 1.27068 N/A 0.76165 N/A N/A 0.68536 0.04167 6432
10801703 0.313094 54964.828033 14.380 OC 0.99767 0.99767 N/A 1.30496 N/A N/A 0.36771 0.94142 5306
10809970 0.447045 54953.659321 13.533 OC 1.06719 1.06719 N/A 5.53419 N/A N/A 0.75767 1.04495 5637
10818544 1.369169 54954.305325 11.029 OC 1.01657 1.01657 N/A 1.32776 N/A N/A 0.36208 0.91864 9335
10847118 0.293559 54964.702103 13.965 OC 1.01858 1.01858 N/A 1.17486 N/A N/A 0.85300 0.27909 5528
10854621 0.375950 54964.621758 15.533 OC 1.01967 1.01967 N/A 0.99881 N/A N/A 0.83825 0.26556 5744
10877703 0.436929 54964.738800 14.344 OC 1.04007 1.04007 N/A 0.83024 N/A N/A 0.79435 0.10362 6106
10880490 0.297999 54964.858185 15.239 OC 1.13559 1.13559 N/A 2.55156 N/A N/A 0.79707 0.43816 5807
10965091 0.235857 54964.694588 15.280 OC 1.04009 1.04009 N/A 0.75571 N/A N/A 0.74526 0.06195 4718
11013608 0.318286 54953.861134 12.566 OC 0.98774 0.98774 N/A 0.55222 N/A N/A 0.56088 0.30302 6223
11036301 0.285244 54964.710487 15.121 OC 1.15275 1.15275 N/A 4.74561 N/A N/A 0.67340 1.08717 4708
11042923 0.390148 54964.777496 14.321 OC 1.00510 1.00510 N/A 1.76532 N/A N/A 0.96420 0.48419 6086
11083888 0.342656 54964.687836 15.093 OC 0.96770 0.96770 N/A 0.60917 N/A N/A 0.37943 0.74101 6284
11084647 0.311675 54964.745079 15.319 OC 1.06129 1.06129 N/A 0.69307 N/A N/A 0.65453 0.03551 5392
11091082 0.385082 54964.777206 14.721 OC 1.00808 1.00808 N/A 1.37989 N/A N/A 0.89217 0.57501 6294
11127048 0.299333 54964.784004 15.221 OC 1.07284 1.07284 N/A 0.58188 N/A N/A 0.47570 0.58960 5448
11137143 0.313539 54964.776016 13.145 OC 1.02057 1.02057 N/A 1.84211 N/A N/A 0.44529 0.97372 5895
11144556 0.642993 54954.059624 13.551 OC 1.08479 1.08479 N/A 1.48028 N/A N/A 0.86254 0.39070 6428
11151970 0.311630 54953.905064 13.071 OC 1.02509 1.02509 N/A 1.31585 N/A N/A 0.42717 0.79512 5123
11153627 0.561652 54965.039757 13.982 OC 1.34341 1.34341 N/A 3.78051 N/A N/A 0.58384 1.04262 5286
11154110 0.529665 54965.029755 13.370 OC 1.19305 1.19305 N/A 0.76961 N/A N/A 0.71870 0.04584 6938
11190836 0.404049 54964.655113 15.473 OC 1.05761 1.05761 N/A 0.83086 N/A N/A 0.63625 0.25341 5794
11198068 0.400167 54964.967308 15.509 OC 1.47472 1.47472 N/A 3.89881 N/A N/A 0.96853 0.84753 5030
11244501 0.296679 54953.813190 9.849 OC 0.94845 0.94845 N/A 0.44879 N/A N/A 0.38303 0.39948 5151
11245381 0.306994 54953.640427 12.858 OC 1.03835 1.03835 N/A 1.49959 N/A N/A 0.99680 0.64230 5567
11246163 0.279228 54964.564171 14.605 OC 1.00178 1.00178 N/A 1.75270 N/A N/A 0.98911 0.76904 5277
11255667 0.818864 54954.270100 10.941 OC 1.00388 1.00388 N/A 1.34392 N/A N/A 0.32121 0.99926 6355
11295026 0.290855 54953.887691 12.810 OC 1.06843 1.06843 N/A 1.02253 N/A N/A 0.68487 0.77882 4988
11295347 0.888419 54954.537975 11.729 OC 0.97668 0.97668 N/A 1.28313 N/A N/A 0.34124 0.96095 7620
11303416 0.320779 54964.767769 15.023 OC 1.01677 1.01677 N/A 4.54948 N/A N/A 0.72254 1.11263 4825
11303526 0.720101 54954.133877 13.002 OC 1.10709 1.10709 N/A 2.82227 N/A N/A 0.80538 0.54985 6471
11305087 0.309260 54964.839417 15.038 OC 1.12994 1.12994 N/A 1.04836 N/A N/A 0.83514 0.17958 5512
11338865 0.880391 54954.087204 13.275 OC 1.12388 1.12388 N/A 2.05364 N/A N/A 0.38524 1.02526 8658
11341950 0.288369 54964.807083 14.924 OC 1.41101 1.41101 N/A 3.70617 N/A N/A 0.96122 1.02026 5511
11342032 0.986692 54954.628780 12.758 OC 1.05255 1.05255 N/A 1.65698 N/A N/A 0.48826 0.51874 0.037
11395117 0.306518 54964.847282 14.993 OC 1.03909 1.03909 N/A 1.30515 N/A N/A 0.98083 0.42299 4879
11402381 0.417365 54953.884064 13.257 OC 1.00304 1.00304 N/A 1.03073 N/A N/A 0.81249 0.59305 6481
11404758 0.351261 54964.819229 13.958 OC 1.03960 1.03960 N/A 3.49993 N/A N/A 0.83345 0.67208 6374
11405559 0.284941 54964.843384 13.692 OC 1.04352 1.04352 N/A 1.02564 N/A N/A 0.80173 0.16402 5232
11408810 0.749308 54953.867138 12.607 OC 1.03107 1.03107 N/A 1.54542 N/A N/A 0.32253 1.00308 7555
11410485 0.428799 54964.855400 13.693 OC 1.26476 1.26476 N/A 0.83383 N/A N/A 0.38817 0.78476 6732
11442348 0.312843 54964.605804 14.546 OC 1.04875 1.04875 N/A 1.39030 N/A N/A 0.94657 0.40014 5301
11444780 0.286713 54964.590111 15.732 OC 1.00980 1.00980 N/A 1.12986 N/A N/A 0.96606 0.12609 4566
11447953 1.499027 54955.243034 11.256 OC 0.96666 0.96666 N/A 1.83475 N/A N/A 0.42575 0.93193 6412
11460346 0.385642 54964.713829 15.192 OC 0.99633 0.99633 N/A 1.19497 N/A N/A 0.35512 0.92685 6273
11494583 0.248341 54964.687134 15.439 OC 1.06330 1.06330 N/A 3.44562 N/A N/A 0.61889 1.05722 4385
11495781 0.507944 54954.039185 13.438 OC 0.99764 0.99764 N/A 1.32570 N/A N/A 0.58605 1.03375 7729
11496078 0.299717 54953.601421 13.475 OC 0.99965 0.99965 N/A 1.05300 N/A N/A 0.51475 0.73303 5891
11498689 0.306311 54964.604935 15.124 OC 1.10997 1.10997 N/A 0.75765 N/A N/A 0.71574 0.04592 5271
11502581 0.333631 54964.875351 14.661 OC 1.03574 1.03574 N/A 1.03687 N/A N/A 0.92975 0.13520 5696
11509282 0.634036 54965.035629 13.796 OC 1.05301 1.05301 N/A 1.45156 N/A N/A 0.86252 0.30510 7139
11559864 0.383303 54964.680031 14.158 OC 1.02510 1.02510 N/A 0.63442 N/A N/A 0.49692 0.87047 5862
11566174 0.276872 54964.608109 14.957 OC 1.11710 1.11710 N/A 1.49302 N/A N/A 0.90527 0.49853 5300
11604958 0.298933 54964.652580 13.935 OC 1.08256 1.08256 N/A 2.37237 N/A N/A 0.91477 0.22675 5286
11612091 0.454270 54953.779209 13.117 OC 0.98524 0.98524 N/A 5.05534 N/A N/A 0.89614 0.93717 6803
11672319 0.331777 54964.814934 14.288 OC 1.07789 1.07789 N/A 1.46900 N/A N/A 0.39691 0.96784 5497
11704155 0.273872 54953.600845 12.600 OC 1.05117 1.05117 N/A 2.46838 N/A N/A 0.55751 0.93191 5118
11716688 0.301223 54964.849937 13.647 OC 0.95518 0.95518 N/A 1.23077 N/A N/A 0.32237 0.97563 5130
11717798 0.374722 54964.765701 14.161 OC 1.03425 1.03425 N/A 0.78448 N/A N/A 0.76662 0.18725 5312
11769739 0.252477 54964.660118 15.033 OC 1.05777 1.05777 N/A 2.10384 N/A N/A 0.65453 0.63197 5136
11805235 0.395194 54964.737724 14.717 OC 1.03558 1.03558 N/A 1.25755 N/A N/A 0.86904 0.20366 5342
11819520 0.253497 54964.917030 14.833 OC 0.96613 0.96613 N/A 1.11372 N/A N/A 0.37923 0.81927 5715
11910076 0.348134 54964.894020 14.284 OC 1.02828 1.02828 N/A 1.88779 N/A N/A 0.48464 0.99381 5450
11920266 0.467406 54954.121853 11.581 OC 0.97538 0.97538 N/A 0.87705 N/A N/A 0.35133 0.85161 0.003
11924311 0.445115 54964.758156 12.805 OC 1.10571 1.10571 N/A 0.76372 N/A N/A 0.73210 0.04754 6418
12016304 1.024048 54965.650536 13.718 OC 1.08939 1.08939 N/A 3.20797 N/A N/A 0.65497 0.77993 6491
12019674 0.354492 54953.798603 12.961 OC 1.04605 1.04605 N/A 0.75926 N/A N/A 0.73383 0.04383 5841
12055014 0.499897 54965.041794 13.537 OC 1.07871 1.07871 N/A 2.11618 N/A N/A 0.88957 0.83993 6546
12071741 0.314276 54964.821213 14.818 OC 1.30024 1.30024 N/A 1.70788 N/A N/A 0.44905 0.98746 5385
12104285 0.251453 54964.715988 15.841 OC 1.01854 1.01854 N/A 0.60541 N/A N/A 0.65138 0.21491 4658
12153332 0.294641 54953.867794 13.077 OC 0.94425 0.94425 N/A 0.51143 N/A N/A 0.34993 0.73092 5367
12267718 0.545045 54953.999962 13.385 OC 1.05258 1.05258 N/A 2.44487 N/A N/A 0.88508 0.93095 6802
12418274 0.352735 54964.860512 14.349 OC 1.01642 1.01642 N/A 0.52151 N/A N/A 0.42954 0.53552 5215
12458133 0.332525 54964.898369 14.074 OC 1.09218 1.09218 N/A 1.11161 N/A N/A 0.89355 0.27201 5402
12689656 1.076175 54954.764847 13.358 OC 1.12585 1.12585 N/A 1.73625 N/A N/A 0.49227 0.58042 0.064
